Timestamp,IMU_Linear_Acc_X,IMU_Linear_Acc_Y,IMU_Linear_Acc_Z,Filtered_X,Filtered_Y,Filtered_Z,Pose_X,Pose_Y,Pose_Z
1730865946.9339588,-1.6460669040679932,1.1705397367477417,-9.888028144836426,-0.08124321426544824,-0.11052033274978035,-7.39672962222452,0.9028239038642828,3.832091955441082,0.8959803454999169
1730865946.9839773,-1.5448205471038818,1.3515266180038452,-9.916738510131836,-0.09607590726845977,-0.1402012028356397,-8.319442642851968,0.9033333955162074,3.8321485026391393,0.8958175383258415
1730865947.0338826,-1.5448205471038818,1.3515266180038452,-9.916738510131836,-0.11087565031305843,-0.17155408257881363,-9.16074264418241,0.8912619303334938,2.711284045044819,0.8926919590875374
1730865947.0338826,-1.4505513906478882,1.3764179944992065,-9.885746955871582,-0.12494047921761822,-0.20394931168469657,-9.900583271647932,0.8901424239472656,2.570950781876383,0.8921727040608208
1730865947.083904,-1.4505513906478882,1.3764179944992065,-9.885746955871582,-0.1374364640214797,-0.23702693402622155,-10.52548628256137,0.8742356461842317,0.5772730039492852,0.8846211249996087
1730865947.083904,-1.483825922012329,1.3574954271316528,-9.83907413482666,-0.1474757415301018,-0.2705642066598447,-11.028530127588057,0.8730784667429539,0.43225852189802216,0.8840590211423703
1730865947.1338828,-1.483825922012329,1.3574954271316528,-9.83907413482666,-0.15425977833378066,-0.3043433282805006,-11.408928277967352,0.8845961589413037,1.8909551752281102,0.8753782594154073
1730865947.1338828,-1.5220105648040771,1.4168083667755127,-9.791072845458984,-0.15723668113812472,-0.33807727256743814,-11.671303931848604,0.8845624956779047,1.886964272043166,0.8752107119506576
1730865947.1838188,-1.5220105648040771,1.4168083667755127,-9.791072845458984,-0.1561982044960477,-0.37141988098184275,-11.82475814285849,0.8780832146146754,1.1417338552685596,0.8290154026731379
1730865947.1838188,-1.466209888458252,1.5062932968139648,-9.781386375427246,-0.15128624714744715,-0.40403371481418093,-11.881827048366404,0.8780475045590299,1.1377453660870225,0.8286884659387431
1730865947.2339377,-1.466209888458252,1.5062932968139648,-9.781386375427246,-0.14290830207154367,-0.4356634726233961,-11.85741563364244,0.8712724037119124,0.4001844585369516,0.7536492374440412
1730865947.2339377,-1.6475468873977661,1.4503509998321533,-9.745635986328125,-0.13164772748126538,-0.4661632669820367,-11.767760865132884,0.8712326862960281,0.3959672332362209,0.7531369063548793
1730865947.2838902,-1.7597566843032837,1.3032793998718262,-9.741059303283691,-0.11830748939946824,-0.4954098737226094,-11.629452821466224,0.8836774905443763,1.7745770978475535,0.8742438304122544
1730865947.3337905,-1.6816997528076172,1.2365984916687012,-9.753911018371582,-0.10402011865238657,-0.5231115353795779,-11.458567699067993,0.8795080740862629,1.094654508699921,0.871954440085642
1730865947.3838024,-1.757475733757019,1.2633165121078491,-9.788309097290039,-0.09019307974191543,-0.5486676776623496,-11.26998070685772,0.8769312599120312,0.761378763719539,0.8275893907311885
1730865947.4338114,-1.9410609006881714,1.2342725992202759,-9.715015411376953,-0.0783185382003179,-0.5712226447723052,-11.076863678483697,0.8746758892252964,0.3544983314336505,0.8722221116939456
1730865947.4836771,-1.7980672121047974,1.2204742431640625,-9.816902160644531,-0.06985117317866281,-0.5898569794263213,-10.890324350885857,0.8713625308010923,-0.10741730352908042,0.8305328265800619
1730865947.5337312,-1.6201061010360718,1.2407430410385132,-9.861479759216309,-0.06605732532062308,-0.6037669251733513,-10.71921431026452,0.8678833031775824,-0.5704024652952853,0.7620364630070905
1730865947.5837328,-1.6417081356048584,1.2559638023376465,-9.932706832885742,-0.06769593178150543,-0.6123918220554967,-10.570143150492838,0.8756504592651488,0.818379839373291,0.8722399083398015
1730865947.6336718,-1.6417081356048584,1.2559638023376465,-9.932706832885742,-0.074780622767787,-0.6155054307173708,-10.447613095858943,0.8749292021902741,0.8171372104097734,0.8326383077210644
1730865947.6336718,-1.4783844947814941,1.2720919847488403,-9.962823867797852,-0.0866231017498557,-0.6132513172213976,-10.354167849903767,0.8749247882424531,0.8171263192770095,0.8323531445785458
1730865947.6836586,-1.4127205610275269,1.249739170074463,-9.95790958404541,-0.10197067292420538,-0.6061125994474905,-10.290547919447054,0.8739833568558408,0.8143612993700309,0.7669104233170192
1730865947.7336457,-1.4345476627349854,1.2176520824432373,-9.960887908935547,-0.11911390768156896,-0.5948276649184747,-10.255886293923048,0.8713585494669657,0.8234512669073918,0.8723956947038369
1730865947.7836764,-1.6071974039077759,1.2252144813537598,-9.856568336486816,-0.13611443648174593,-0.5802724824716183,-10.247937594625515,0.8695944658756419,0.822831860272017,0.833678923793017
1730865947.8337014,-1.532752275466919,1.1856809854507446,-9.923158645629883,-0.15119246799360747,-0.5633518086168601,-10.263320638303924,0.8674768834828616,0.8207860299849173,0.7694620948212816
1730865947.8835726,-1.49844229221344,1.2116985321044922,-9.878271102905273,-0.16302744253228102,-0.5449274095792535,-10.29781421076922,0.8680491842319997,0.8277999284369144,0.8719485334072694
1730865947.9345996,-1.521494746208191,1.106750726699829,-9.946966171264648,-0.17079922722905622,-0.5257676876763021,-10.34673123195629,0.866247194258828,0.8272409170194241,0.8322034354336365
1730865947.9846032,-1.521494746208191,1.106750726699829,-9.946966171264648,-0.17410737758075281,-0.5064870032683912,-10.40531073303302,0.8701255146924076,0.8333074997133135,0.8711966442365071
1730865947.9846032,-1.521235466003418,1.066617727279663,-9.89339542388916,-0.17292089668708865,-0.48748745719249675,-10.469043822855715,0.8701249352663292,0.8333152759771142,0.8710331816666901
1730865948.034629,-1.6524330377578735,0.9745575785636902,-9.893824577331543,-0.16755770907826842,-0.46893952743785916,-10.533874044717901,0.8707175897414945,0.837597676591123,0.8719402256648499
1730865948.0845356,-1.6524330377578735,0.9745575785636902,-9.893824577331543,-0.1586889363855562,-0.4507868486272688,-10.596297073367879,0.870431970996269,0.8382666829100569,0.8328519095382806
1730865948.0845356,-1.714928388595581,0.9513433575630188,-9.833707809448242,-0.14733534939448628,-0.4327766483824476,-10.653430275028706,0.8704277624934113,0.8382675921365946,0.832396854460987
1730865948.1347377,-1.6118273735046387,0.9223973155021667,-9.884674072265625,-0.13476799307382203,-0.41454347219011645,-10.703057178912239,0.8697759391655625,0.8378543469703316,0.7667619370274558
1730865948.1846237,-1.3661701679229736,0.9260615110397339,-9.857068061828613,-0.12225388773701207,-0.39571004173986923,-10.743645940773277,0.8687998675415455,0.8364278665310939,0.6740052568773345
1730865948.2345996,-1.3661701679229736,0.9260615110397339,-9.857068061828613,-0.11068894397413677,-0.3759685849526441,-10.774351761899561,0.8684181417269546,0.8430018028066851,0.8716825338322427
1730865948.2345996,-1.2212275266647339,0.8862243294715881,-9.932165145874023,-0.10032692394673645,-0.35514031295359966,-10.794988303507019,0.868414208166816,0.8430058122735589,0.8715364823509599
1730865948.2835228,-1.0323896408081055,0.8774198889732361,-9.941996574401855,-0.09073487598397686,-0.33319214184315393,-10.80598693806003,0.8675979638231728,0.8433259824838736,0.8322936661083321
1730865948.3344536,-1.2495695352554321,0.9381879568099976,-9.924843788146973,-0.08090707782536605,-0.3102246790742421,-10.808337624753424,0.8691857755051765,0.8501183354691979,0.8710521469670789
1730865948.3844686,-1.4342632293701172,1.0002256631851196,-9.9284086227417,-0.06959712520016854,-0.28649843094538896,-10.80345331439716,0.8689813994451002,0.8516551004784548,0.8299116377184123
1730865948.4344435,-1.6491162776947021,1.1198151111602783,-9.88106918334961,-0.05589988375615917,-0.2625155625144481,-10.792970458071828,0.86862365663056,0.8524953676427358,0.7624575467483556
1730865948.4846096,-1.8150001764297485,1.2128596305847168,-9.911548614501953,-0.03978448757371848,-0.2391046812878751,-10.77855695321714,0.8681382904568062,0.8527161825811366,0.6664339022528445
1730865948.5345068,-1.8747748136520386,1.2866096496582031,-9.855307579040527,-0.022287348975941756,-0.21744696664918556,-10.761770281644033,0.8665816829333244,0.8537502648355286,0.8716755219332574
1730865948.5845046,-1.8972151279449463,1.2438414096832275,-9.890105247497559,-0.005331640947949503,-0.19898583532257305,-10.743969147515891,0.8603333362840151,0.8598357945636269,0.8715433481432622
1730865948.6345894,-1.8699368238449097,1.2726092338562012,-9.829380989074707,0.008708705572277268,-0.18520382181530193,-10.726263606560986,0.8578610476600221,0.8617997459608834,0.8311558151541871
1730865948.6844258,-1.9649289846420288,1.1705948114395142,-9.842905044555664,0.017499055070352525,-0.17734056109611454,-10.709489115963596,0.8584945023112358,0.8645947492666816,0.8716265585776866
1730865948.7343395,-1.755480170249939,1.117276906967163,-9.814167976379395,0.01913235538201588,-0.17614119777240264,-10.69419983228526,0.8570354914408852,0.8665493513157076,0.8316204527470483
1730865948.7843802,-1.648979902267456,1.0715574026107788,-9.870731353759766,0.012446220168918595,-0.18168595405477075,-10.68069743855035,0.8591399348850641,0.8721691853377559,0.8715356081511522
1730865948.8343627,-1.619248390197754,1.0923936367034912,-9.766934394836426,-0.002709946727047578,-0.19336149094201532,-10.66909010465653,0.8588953347297106,0.8746469872880166,0.8317479073980645
1730865948.8843756,-1.5719029903411865,1.1600306034088135,-9.814069747924805,-0.02541570681627269,-0.21001162554577976,-10.65932992608019,0.8609036561854733,0.8796906030679772,0.8714879064924905
1730865948.9342463,-1.4718180894851685,1.2043366432189941,-9.855443000793457,-0.05387402737669326,-0.2302154922780778,-10.651239426003253,0.8613026999910826,0.8825861645432551,0.8318478267903854
1730865948.9843962,-1.5622344017028809,1.2559999227523804,-9.844598770141602,-0.08571267686010448,-0.2525758715303018,-10.644589419594833,0.8656895257537043,0.8836419294577789,0.8713956642910521
1730865949.0343103,-1.6065484285354614,1.3037285804748535,-9.91126537322998,-0.11834194997223776,-0.27592102840154836,-10.639195640286411,0.867495534048509,0.8857832093224397,0.8314613000221674
1730865949.084335,-1.6464300155639648,1.3352413177490234,-9.848318099975586,-0.14935893260165528,-0.29940150715244074,-10.634963873151005,0.8689809998951558,0.8872211919770544,0.7645230840235355
1730865949.1342292,-1.7890230417251587,1.2793657779693604,-9.847938537597656,-0.17688729519306792,-0.32248964489490994,-10.63186611067091,0.8674311385918804,0.8892594748944462,0.8757075398757198
1730865949.1843033,-1.9112098217010498,1.1769911050796509,-9.826825141906738,-0.1998030962797404,-0.3448654597543718,-10.629867872086212,0.8675903648829243,0.8898838660622291,0.8366236542145171
1730865949.2342906,-1.7468112707138062,1.169215440750122,-9.872337341308594,-0.2178220592072725,-0.36622338082124334,-10.628875100542068,0.8672304254778016,0.8896223370654273,0.7713638997252602
1730865949.2843397,-1.7610691785812378,1.1731765270233154,-9.90518856048584,-0.23133554931118894,-0.3861365666952843,-10.628756140448987,0.8687369518835721,0.8970648851467375,0.8791921135585239
1730865949.3341703,-1.772855281829834,1.1963719129562378,-9.869773864746094,-0.241067855954278,-0.404077629681974,-10.629403211479959,0.8684844757694461,0.8983220585939016,0.8408309550555203
1730865949.3842542,-1.7723252773284912,1.1582468748092651,-9.856871604919434,-0.24782207826498645,-0.4195323678565542,-10.63074860165817,0.8676132992706805,0.8985618411271674,0.775161414769043
1730865949.4341888,-1.5951693058013916,1.1924304962158203,-9.84045124053955,-0.2523544523339667,-0.43209172843601673,-10.632716009681896,0.870244464165137,0.9050444242286177,0.8828741404347686
1730865949.4842129,-1.4303251504898071,1.1096744537353516,-9.871488571166992,-0.2552006982738064,-0.4414860209940393,-10.63517677642523,0.8698459073556384,0.9062327511221593,0.8433942699025713
1730865949.5342839,-1.4494115114212036,1.127644419670105,-9.831385612487793,-0.2564585026450486,-0.4475724311045277,-10.637956107412975,0.8659754861182275,0.9146352957505524,0.8871106197861951
1730865949.5842733,-1.374488115310669,1.0864741802215576,-9.847817420959473,-0.2557347350321372,-0.4503017359205146,-10.640857275642137,0.8636779738382316,0.917425158175109,0.8492244716073729
1730865949.634126,-1.4525998830795288,1.0719263553619385,-9.802490234375,-0.2523271163844868,-0.449698025251181,-10.643669326570055,0.8636570600726942,0.9223535611188263,0.8902386834112384
1730865949.684152,-1.5784028768539429,1.0320987701416016,-9.840079307556152,-0.24552913463044332,-0.44584834096603243,-10.646168354863647,0.8614702596297709,0.9248333339012988,0.8520700971687096
1730865949.734146,-1.5448294878005981,0.9901504516601562,-9.828018188476562,-0.2349452622826399,-0.43888172172316214,-10.648137715176112,0.8643494989804973,0.9279958446184664,0.8886246520511655
1730865949.7841535,-1.495914340019226,0.9905200004577637,-9.897010803222656,-0.22065954681411912,-0.42894562191723923,-10.64941642880411,0.8633292814715733,0.9291172467626754,0.8488091349931032
1730865949.8341901,-1.5989469289779663,0.96947181224823,-9.889765739440918,-0.203178380382609,-0.4162053274799253,-10.649959863124867,0.8639218472670245,0.9361490435015241,0.8886599480809831
1730865949.8841543,-1.5671354532241821,0.9694827198982239,-9.91878890991211,-0.18330273522463544,-0.4008705571517078,-10.649875826065605,0.8634590847202631,0.9347873529326647,0.8832775335721753
1730865949.9341342,-1.4966825246810913,0.9941743016242981,-9.964380264282227,-0.16202518499456464,-0.383229643373864,-10.649417887743716,0.8624960867484435,0.9343973608832227,0.8413680296440034
1730865949.984129,-1.4800490140914917,0.969645619392395,-9.981051445007324,-0.14037435033002107,-0.36367766431584697,-10.648961479046818,0.8611363283777124,0.933059286494878,0.7719188250091876
1730865950.0342054,-1.459653377532959,1.016774296760559,-9.992463111877441,-0.11923428184660077,-0.3427258568022293,-10.64897280885062,0.8594665020365305,0.9308521207265662,0.6765869127582298
1730865950.0840492,-1.5144121646881104,1.049118995666504,-9.973414421081543,-0.09926101316929871,-0.32099731362542105,-10.649946214913399,0.8659504134830959,0.9431368124427247,0.8818215397323204
1730865950.1340241,-1.6105612516403198,1.0086636543273926,-9.94045639038086,-0.08093330893169959,-0.2992164613891213,-10.652307353165865,0.8660774126303161,0.9441035381789582,0.841117044095929
1730865950.1840804,-1.5536221265792847,1.06661057472229,-9.94149398803711,-0.06467125586880737,-0.2781636608763133,-10.656314415974906,0.8679525471557047,0.9520032881863786,0.8781425952155097
1730865950.2339597,-1.603241205215454,1.065562129020691,-9.964529037475586,-0.050896921923790674,-0.2586065490963054,-10.662009392987272,0.8685462186104034,0.9546710728535822,0.8372296088395073
1730865950.2839465,-1.879683494567871,1.0326447486877441,-9.866992950439453,-0.040044264395465795,-0.24124470556631225,-10.669230931847995,0.8690380684727775,0.9567667264546045,0.7687847100699606
1730865950.3339956,-2.0737950801849365,0.9914940595626831,-9.809025764465332,-0.03269355784197399,-0.22663770494973778,-10.677617512001987,0.8714570509863334,0.9609599127424565,0.8763811106966616
1730865950.3840535,-2.0737950801849365,0.9914940595626831,-9.809025764465332,-0.029783881757275706,-0.21511100008945472,-10.686578241801133,0.8722441837474404,0.9627873248750901,0.8353670861566856
1730865950.3840535,-1.8243703842163086,0.9407444000244141,-9.798154830932617,-0.032554383430346855,-0.20670158365874228,-10.695322463592424,0.8722484109017088,0.9627960925473444,0.8350590594435654
1730865950.4339852,-1.6435387134552002,1.0102969408035278,-9.805895805358887,-0.04205645387906498,-0.20117651784269933,-10.702984273846802,0.8757874500736104,0.973761784465812,0.8729203611042189
1730865950.4839067,-1.5730770826339722,1.1460793018341064,-9.76155948638916,-0.05854745341788664,-0.19814510049979778,-10.708761885099275,0.8774668027957933,0.9784764327665622,0.8314666486681974
1730865950.5338778,-1.402429223060608,1.2469379901885986,-9.80485725402832,-0.08118240398970167,-0.19727544532726135,-10.712008664580807,0.878962515735193,0.9826713836541385,0.7637478570020361
1730865950.5837739,-1.2801685333251953,1.27745521068573,-9.844583511352539,-0.1080652209341044,-0.19850660193387332,-10.712299510949448,0.8802316351795733,0.9863993163269984,0.6689103247816984
1730865950.6338754,-1.3144124746322632,1.2810062170028687,-9.876189231872559,-0.13650129460438012,-0.20209639889785658,-10.709506737688633,0.8811944536561707,0.9896242471511363,0.5473993918204099
1730865950.6837897,-1.3144124746322632,1.2810062170028687,-9.876189231872559,-0.1634047220638109,-0.2084878867640517,-10.703846280796085,0.8817833836141646,0.9923393575630799,0.3989915819315149
1730865950.6837897,-1.3720238208770752,1.2254197597503662,-9.91110610961914,-0.18580970321474882,-0.21810278499897245,-10.695845571129166,0.8817855797722561,0.992353413768035,0.39806394287115165
1730865950.7338083,-1.4993278980255127,1.1518988609313965,-9.931300163269043,-0.20134025276682938,-0.23114256448707343,-10.686259542377766,0.8794428742742575,0.9842054211206908,0.87429563202553
1730865950.78379,-1.6006672382354736,1.0863429307937622,-9.86929702758789,-0.20855914997112507,-0.24742629581745082,-10.675968871076186,0.8795755602726071,0.9858250737374487,0.8341094653507254
1730865950.8337855,-1.81550133228302,1.01986563205719,-9.81452465057373,-0.2071860430493756,-0.26630328754644206,-10.665837748944277,0.8840968788297231,0.9922236047497875,0.8743278278884036
1730865950.8837059,-1.9375649690628052,0.9927679896354675,-9.77560806274414,-0.19817391532289869,-0.2866743150016853,-10.656539469082492,0.8848958982958647,0.994173774948705,0.8342430135491639
1730865950.9336746,-2.0457820892333984,0.9714118242263794,-9.726194381713867,-0.18361929571025326,-0.3071176525929801,-10.648430005526476,0.8852136060622687,0.9953680878223324,0.7682117029371032
1730865950.9836621,-2.0869340896606445,1.0083929300308228,-9.737180709838867,-0.16647632670945522,-0.3260901496719228,-10.641523030133897,0.8879486913276001,1.0082114549933052,0.8741212667930871
1730865951.0336392,-2.0869340896606445,1.0083929300308228,-9.737180709838867,-0.15011017057671705,-0.34215831878301545,-10.63556032687627,0.8886916036591335,1.0117464396553113,0.83436748127455
1730865951.0336392,-2.0562994480133057,1.051559329032898,-9.758321762084961,-0.13779181340691998,-0.3542010036282535,-10.630142953366532,0.8886948786512916,1.011764742013984,0.8340557012957439
1730865951.083622,-1.9736506938934326,1.1039338111877441,-9.822582244873047,-0.13223238174581933,-0.36154595287524416,-10.624877503541429,0.8989968343249353,1.018804718570931,0.8743785602477909
1730865951.133597,-1.9736506938934326,1.1039338111877441,-9.822582244873047,-0.13523680129471338,-0.3640355048977616,-10.619504137394067,0.9028821662309883,1.0229277479261991,0.8345206521359355
1730865951.133597,-1.9302725791931152,1.1401413679122925,-9.887577056884766,-0.14754548453401797,-0.36201028477465846,-10.61397598351229,0.9029030947705182,1.0229483901475986,0.8342206171874481
1730865951.1835477,-1.8705997467041016,1.1601102352142334,-9.892549514770508,-0.16886501392898157,-0.35621762422316516,-10.608474504243617,0.9072178390237648,1.029142414693987,0.8744665118178049
1730865951.233644,-1.852792739868164,1.1702474355697632,-9.919771194458008,-0.1980091954875553,-0.34768857591671753,-10.603374364831492,0.9112025043911208,1.0336373219604564,0.8348584578427666
1730865951.2836158,-1.850260853767395,1.1229956150054932,-9.914119720458984,-0.23310471666497107,-0.3375979291605087,-10.599169464601534,0.9120234700867771,1.0406739952150421,0.874637609553876
1730865951.3335752,-1.8229795694351196,1.0839333534240723,-9.910886764526367,-0.27185617216377744,-0.32709292065032364,-10.596373882189821,0.9140170365753207,1.0447207231887354,0.8350638528269652
1730865951.3836124,-1.7985893487930298,1.0479875802993774,-9.888747215270996,-0.3118174041050181,-0.317117501096843,-10.595420235396515,0.9216713570788435,1.0539331423771632,0.874847779026836
1730865951.4335694,-1.7535266876220703,0.9978740811347961,-9.872357368469238,-0.3506054549331859,-0.3082900406842847,-10.596573780599485,0.9311671468262585,1.0566446737946797,0.874746136709394
1730865951.4836032,-1.7225205898284912,0.9698752164840698,-9.863229751586914,-0.3860461746330147,-0.3008581006005527,-10.599879983473745,0.935641047475928,1.0593413667839642,0.8347882967048387
1730865951.533507,-1.668954610824585,0.9353963732719421,-9.8529052734375,-0.4162695874894706,-0.2947185728533981,-10.605158466131613,0.939079553621421,1.0612744330727584,0.7687573430051992
1730865951.583536,-1.6359572410583496,0.9215210676193237,-9.852986335754395,-0.43976935073408974,-0.2894881360075904,-10.612039223273216,0.9414699699510362,1.062489313321486,0.6756507912552889
1730865951.6334298,-1.6144894361495972,0.9229671359062195,-9.850465774536133,-0.4554397502817231,-0.2846086498738266,-10.620024182476499,0.9257432776844399,1.0697771097100879,0.8747691904207947
1730865951.6834772,-1.6067534685134888,0.9610587358474731,-9.857247352600098,-0.46260741733484817,-0.27947658980252577,-10.6285577649864,0.9241300636891466,1.072266307505514,0.8348423107908811
1730865951.7344527,-1.5976148843765259,1.0084751844406128,-9.867647171020508,-0.46105921516590553,-0.2735878635808608,-10.637095738729045,0.9209269266560818,1.0871504533577845,0.8742867525806082
1730865951.7843916,-1.6114647388458252,1.0301212072372437,-9.874835968017578,-0.4510503147709364,-0.26666780097994564,-10.645165098901307,0.9175348792491003,1.0935266415689768,0.8339641620941906
1730865951.8344188,-1.5975745916366577,1.018343448638916,-9.889068603515625,-0.43328058588137,-0.2587313623360614,-10.652407642625533,0.9130271312581254,1.0992555279289853,0.7668480744449029
1730865951.8845086,-1.6075562238693237,0.9683912396430969,-9.893061637878418,-0.40883363856717775,-0.2500348632897762,-10.65860226737955,0.9188612449860104,1.0982929362272984,0.8745762137907024
1730865951.934418,-1.626556634902954,0.905511736869812,-9.897462844848633,-0.3790867493122014,-0.24093563744649524,-10.663665052768355,0.9165526871476187,1.1013499085454437,0.8347473924538908
1730865951.9844997,-1.6508206129074097,0.8503293991088867,-9.890620231628418,-0.34561803691469417,-0.23172367934687826,-10.667627876019774,0.913867741247418,1.1169537007008201,0.874486407119161
1730865952.034278,-1.668717384338379,0.7852784395217896,-9.882685661315918,-0.31012227248367014,-0.22249454125992543,-10.670600347173846,0.9105496236462429,1.1240578368505416,0.834646750070247
1730865952.0843859,-1.668717384338379,0.7852784395217896,-9.882685661315918,-0.2743204422481334,-0.2131038574106631,-10.672726768307978,0.9101672849217667,1.1315456855342478,0.8745219337269046
1730865952.0843859,-1.666137456893921,0.7490000128746033,-9.847501754760742,-0.2398513018962149,-0.20321127031621627,-10.674148134677894,0.9101524053079995,1.131585710627473,0.8743775095111022
1730865952.134316,-1.6244356632232666,0.7482098340988159,-9.854060173034668,-0.2081502290679859,-0.19238238304040778,-10.674969640490822,0.9071534443099615,1.1387248483930563,0.8346041233052051
1730865952.1843207,-1.6244356632232666,0.7482098340988159,-9.854060173034668,-0.18033423791085948,-0.18019842345589315,-10.675244069987045,0.9036263955656578,1.1454977862459155,0.767547780763535
1730865952.1843207,-1.5937052965164185,0.7874472141265869,-9.882034301757812,-0.15712491779283594,-0.16635555456821957,-10.67499042666861,0.9036059691792273,1.1455333836832968,0.7671094641003188
1730865952.2342668,-1.5707736015319824,0.8576775789260864,-9.910017013549805,-0.1388274261175545,-0.15076357120793904,-10.674243587239449,0.9088249380745952,1.1366459067499435,0.8748884184979595
1730865952.2842512,-1.587791085243225,0.9232023358345032,-9.935588836669922,-0.12535818676029772,-0.13364135560996934,-10.673109000268912,0.9110765808923849,1.1475668834606862,0.8745687669464004
1730865952.3342435,-1.5839658975601196,0.9715844392776489,-9.951668739318848,-0.11631971923445064,-0.11557457254547393,-10.67179451030896,0.9110525256005161,1.1522104520365188,0.8345652294896231
1730865952.3842833,-1.6285433769226074,0.9795622229576111,-9.949352264404297,-0.1111159707350216,-0.09748728863739636,-10.670600926782996,0.9076705244054204,1.1471367328128736,0.8743106062239165
1730865952.4342704,-1.6731714010238647,0.9589577913284302,-9.931402206420898,-0.10908496584595673,-0.08050958070857271,-10.669870052346512,0.906062727527859,1.148650809646485,0.8341169254437019
1730865952.4843504,-1.7608195543289185,0.9085907340049744,-9.892904281616211,-0.10963482384821414,-0.06577035983820667,-10.669902446656927,0.9041769117993929,1.1499843416465172,0.7670401036225603
1730865952.5342863,-1.8198007345199585,0.8613375425338745,-9.845653533935547,-0.11236700186914576,-0.05417535302840259,-10.67086516458891,0.9070334937138219,1.1617612643235822,0.8742348960172279
1730865952.5842535,-1.8743910789489746,0.8098325729370117,-9.812735557556152,-0.11715032844387563,-0.046234850015595644,-10.67271712446112,0.9061785196632222,1.1654130627530224,0.8341506061041976
1730865952.634168,-1.8814746141433716,0.8248398900032043,-9.78154468536377,-0.12411006364914108,-0.041991358826158745,-10.67518190790721,0.9074446806687823,1.177153666142886,0.8742830481639959
1730865952.6841817,-1.8178749084472656,0.9012826681137085,-9.799697875976562,-0.13351758213734075,-0.04108275406132812,-10.677785895890807,0.9069694004845291,1.183605839799497,0.8344217967742531
1730865952.7341259,-1.7743693590164185,0.9895063042640686,-9.821540832519531,-0.14559906919963733,-0.04293939842898371,-10.679960917835741,0.9055479898098826,1.1858244686514399,0.8742285092857931
1730865952.7841399,-1.7426655292510986,1.0704177618026733,-9.879551887512207,-0.1603398944297682,-0.0470360160803302,-10.681188785605258,0.9043128919228437,1.1911385479394325,0.834171574703623
1730865952.834016,-1.7173658609390259,1.144403100013733,-9.899643898010254,-0.1773820199230656,-0.05308365155353856,-10.681141286707973,0.9044083146119937,1.2042206932497976,0.8742292286005642
1730865952.884022,-1.7238008975982666,1.201750636100769,-9.902915954589844,-0.1960435508273971,-0.061103625879439454,-10.67975836355386,0.903145173207665,1.2117286221010435,0.8340123346694627
1730865952.9340377,-1.7645459175109863,1.1820310354232788,-9.86949348449707,-0.21543162083677375,-0.07138382897145826,-10.677226676054241,0.9088935870577309,1.2212142372477914,0.8751825066277064
1730865952.9839852,-1.7645459175109863,1.1820310354232788,-9.86949348449707,-0.23460623438198036,-0.08433451860229119,-10.67387730180787,0.9118312612262651,1.2233485031585,0.8758824640690059
1730865952.9839852,-1.83077871799469,1.1543887853622437,-9.82955265045166,-0.25273832561011433,-0.10029663569539968,-10.670066888868458,0.9118378424641596,1.22337184809989,0.8757307768074988
1730865953.0339887,-1.83077871799469,1.1543887853622437,-9.82955265045166,-0.2692223691096508,-0.11938517170149218,-10.66608981791431,0.9126417351742802,1.2272745656203228,0.8359758942711987
1730865953.0339887,-1.8594506978988647,1.0799541473388672,-9.79504680633545,-0.28373023959981114,-0.1414051553817804,-10.66213056194848,0.9126442394783395,1.2272947676637767,0.8356896343022073
1730865953.0839276,-1.8594506978988647,1.0799541473388672,-9.79504680633545,-0.2962004366184767,-0.16582246284455898,-10.658250629690762,0.9127397440307474,1.2308042615471777,0.7699366010631032
1730865953.0839276,-1.8404059410095215,1.018115758895874,-9.759230613708496,-0.30677584033317196,-0.19178107189837762,-10.654399358949913,0.9127381590399744,1.2308236868733353,0.7694729083318578
1730865953.1339393,-1.7897979021072388,0.9865586757659912,-9.764646530151367,-0.3157054450906023,-0.21816756987900493,-10.650437428235383,0.9120747720174203,1.233872196774189,0.6769876721066176
1730865953.1840162,-1.698754072189331,1.0258070230484009,-9.786855697631836,-0.32321453602326683,-0.24371544945420212,-10.64617711166822,0.9115224033602154,1.2392536353081771,0.8759594597365701
1730865953.2339149,-1.6195176839828491,1.096706748008728,-9.849236488342285,-0.3293632169093035,-0.26717017349764133,-10.64145700576693,0.9106314681128586,1.242657644315119,0.8362375393046776
1730865953.2839737,-1.5690386295318604,1.1863417625427246,-9.894932746887207,-0.3339445799540788,-0.2875178090555036,-10.636245793392767,0.9088700420838008,1.2454211423197996,0.7683585089813684
1730865953.3338645,-1.5690386295318604,1.1863417625427246,-9.894932746887207,-0.3364847208211894,-0.3041884938875892,-10.630720747927501,0.9114744012188393,1.2569556691071193,0.8770404973862198
1730865953.3338645,-1.5596836805343628,1.2637195587158203,-9.941064834594727,-0.3363595979765585,-0.3171315616969856,-10.62526659454803,0.9114702501813594,1.2569863788513362,0.8768964383774998
1730865953.384044,-1.59630286693573,1.3051685094833374,-9.960204124450684,-0.3329738824278271,-0.32676837776970236,-10.620412214363931,0.9102963944414768,1.2621234008562805,0.8373483110443671
1730865953.4338489,-1.6284863948822021,1.3273265361785889,-9.94701862335205,-0.3259344762357809,-0.33389409129344083,-10.616751727427024,0.9083239797445815,1.2663695504194508,0.7720884680711232
1730865953.4840422,-1.6553434133529663,1.316172480583191,-9.920696258544922,-0.3151783842801672,-0.33954296608299583,-10.614847749748863,0.9116683083188816,1.2679077814494721,0.8766844800251309
1730865953.5338588,-1.6599690914154053,1.2806527614593506,-9.860176086425781,-0.3010235654389771,-0.3448050062120056,-10.615108217249004,0.9147792565745843,1.2837664402595066,0.8767725594357373
1730865953.583919,-1.6765570640563965,1.1801283359527588,-9.819402694702148,-0.2841305849464401,-0.35061510758741654,-10.617667556606975,0.9148324575260495,1.289904763866099,0.8369286715977254
1730865953.6338382,-1.6720153093338013,1.0732054710388184,-9.787087440490723,-0.2654033950286593,-0.35754324448435115,-10.622318279161325,0.9167588601530485,1.2961341962714814,0.8767185436464717
1730865953.6838663,-1.6663193702697754,0.9791675806045532,-9.763050079345703,-0.24586716484404492,-0.3656272745890272,-10.628523641067083,0.9168810111322668,1.3017550784314238,0.8370750868672924
1730865953.7339408,-1.6663193702697754,0.9791675806045532,-9.763050079345703,-0.22654635603236092,-0.37432455192321923,-10.635504913049685,0.916414355867994,1.3064716134421268,0.7707771849989793
1730865953.7339408,-1.6707918643951416,0.9239218235015869,-9.750232696533203,-0.20836501797286988,-0.38263038930853965,-10.642369850739133,0.9164098702926029,1.3064969654615497,0.7703015211085203
1730865953.7837968,-1.6707918643951416,0.9239218235015869,-9.750232696533203,-0.1920850266955293,-0.3893053105646013,-10.648243859361209,0.920991183825336,1.302332775494042,0.8767400064118864
1730865953.7837968,-1.6994575262069702,0.9047927856445312,-9.781537055969238,-0.17828117757802642,-0.39310664669309764,-10.652380152800832,0.9209979699691749,1.3023516340135408,0.8765505370298845
1730865953.8338177,-1.7137017250061035,0.9450106620788574,-9.824131965637207,-0.16734868653446594,-0.392981844737399,-10.654255177128958,0.9217369911783221,1.3044947723233424,0.8369568076444363
1730865953.8838098,-1.7137017250061035,0.9450106620788574,-9.824131965637207,-0.15952851907699922,-0.38822315295036314,-10.653645960735576,0.9270365880863178,1.3135875811978537,0.8767192077203326
1730865953.8838098,-1.7199853658676147,1.0237822532653809,-9.900525093078613,-0.15492285427857883,-0.378574488926018,-10.650660531576396,0.9270505831204058,1.3136144923185773,0.8765527254556017
1730865953.933771,-1.7121604681015015,1.109671950340271,-9.941783905029297,-0.15349371139715176,-0.3642953045331742,-10.645727232288827,0.9332733524529846,1.3192595325490584,0.8768102425398461
1730865953.9838536,-1.7125602960586548,1.1412822008132935,-9.991416931152344,-0.15506024356288853,-0.3461868216791841,-10.639567218316326,0.9363824321377662,1.3224562117600231,0.8370025923052926
1730865954.033785,-1.7383090257644653,1.1559922695159912,-9.991555213928223,-0.15931100670508241,-0.3255348638291732,-10.633130462954075,0.9390893093616608,1.3248057119552141,0.7708696307875369
1730865954.0837812,-1.7700742483139038,1.0934906005859375,-9.966474533081055,-0.16584709667514622,-0.3039258360446639,-10.627467108440769,0.9324694025618481,1.3336391530583527,0.8765830185204855
1730865954.1337168,-1.7931220531463623,1.0574482679367065,-9.924484252929688,-0.17425224951239152,-0.28297070454362655,-10.623547077849317,0.9325103982472472,1.336916314383012,0.8368654690242974
1730865954.1838078,-1.8051255941390991,0.9757516384124756,-9.861323356628418,-0.18415452218734285,-0.2640252304875462,-10.622074565089477,0.9351842286709242,1.3516333898147956,0.876552201177407
1730865954.233678,-1.8243852853775024,0.909440279006958,-9.807530403137207,-0.19525148638264644,-0.2479817030720446,-10.623347547876104,0.935687275587237,1.3585524671057203,0.8368640608402264
1730865954.2837088,-1.831785798072815,0.8526820540428162,-9.77783489227295,-0.20730539790406666,-0.23516332311076266,-10.627198299471987,0.9351519958910088,1.3558302503623207,0.8766064728334816
1730865954.3335953,-1.7967559099197388,0.8678164482116699,-9.767488479614258,-0.2201186550867743,-0.22533785921019464,-10.63303547118056,0.9347707695821048,1.3590601661578523,0.8368544229545795
1730865954.3836603,-1.7605763673782349,0.9291214346885681,-9.799591064453125,-0.23348083346776766,-0.21786754858817275,-10.6399815526436,0.9358741582229051,1.374239924404745,0.8765190822546663
1730865954.433618,-1.710945725440979,1.0032237768173218,-9.818702697753906,-0.2470940797008855,-0.21196833095957732,-10.647067680600836,0.9353497352066195,1.380480937592585,0.8366859402685312
1730865954.4836576,-1.7012803554534912,1.053971767425537,-9.838756561279297,-0.26051899612565765,-0.20698321402815753,-10.653424379868063,0.9367154201960249,3.0345516765288103,0.8765941797991328
1730865954.5335536,-1.6881037950515747,1.0379717350006104,-9.849413871765137,-0.27318231607218957,-0.20255196763018182,-10.658410182965424,0.9361665002785419,3.6249034241194047,0.8367582541896722
1730865954.5836434,-1.7113316059112549,0.9963055849075317,-9.854170799255371,-0.28445094456441233,-0.19861095198989506,-10.661660079524,0.9375680105597839,4.2094117134594216,0.8764961263484322
1730865954.6335702,-1.745736837387085,0.9328804016113281,-9.85682487487793,-0.29374649376410605,-0.19525090946859736,-10.66307164252255,0.9370118365866135,4.907729879492929,0.8364063234923081
1730865954.683587,-1.7479357719421387,0.8603179454803467,-9.831171989440918,-0.30066122700495823,-0.19252638078751416,-10.662750893749772,0.9357141989948556,5.605570325258496,0.7697145387583547
1730865954.733575,-1.7479357719421387,0.8603179454803467,-9.831171989440918,-0.30502549244353827,-0.19031313115019238,-10.660934715197197,0.9380369949716719,1.7266609278851976,0.876713485631065
1730865954.733575,-1.7491909265518188,0.843873918056488,-9.839099884033203,-0.3069015104596925,-0.18827749782667313,-10.657917609693946,0.9380331869774496,1.7240047722767127,0.8765273624456398
1730865954.7836032,-1.719849944114685,0.8954249024391174,-9.856204986572266,-0.3065270058982894,-0.18596087369556957,-10.654014244500239,0.9371097317778501,1.3453144396191772,0.8367696654389454
1730865954.8335345,-1.69038987159729,1.013269066810608,-9.893735885620117,-0.304235160395943,-0.1829412442209145,-10.64956129510859,0.9418603396448311,2.5309378742696107,0.8766275847037714
1730865954.8834958,-1.6407148838043213,1.1782209873199463,-9.94733715057373,-0.3003621634704179,-0.1790477759389463,-10.644943453449093,0.9460074629213724,2.967784249411684,0.8766611270252064
1730865954.9335127,-1.5968351364135742,1.3148117065429688,-9.980710983276367,-0.2951607609875628,-0.17458220408839947,-10.640626460156088,0.9478712333280482,3.2814914429821305,0.8367867781524824
1730865954.9834745,-1.5788203477859497,1.3853707313537598,-9.986942291259766,-0.2887460355668851,-0.17043706776239703,-10.637163796820804,0.9490068449351886,3.594820913523655,0.7703599021768966
1730865955.0333755,-1.59587824344635,1.345052719116211,-9.986001014709473,-0.28110165402889564,-0.1680039035524586,-10.635146003968876,0.945870456288111,3.001511396174717,0.8767766095491368
1730865955.0834413,-1.6471034288406372,1.241713523864746,-9.92891788482666,-0.2721607753216191,-0.16885325670432855,-10.635097421496594,0.9454474530676714,3.077913920006269,0.836742329251838
1730865955.1334794,-1.7504501342773438,1.1041513681411743,-9.85863208770752,-0.2619460394545125,-0.17428387704321802,-10.63734352917595,0.9443519537497763,3.1538257219213586,0.7699417739023269
1730865955.1834555,-1.8304283618927002,0.9711137413978577,-9.74976921081543,-0.2507269798229814,-0.1849063510663552,-10.641872861216505,0.9509614090808495,3.292091915586151,0.8767155493196116
1730865955.2333221,-1.9156988859176636,0.9128645658493042,-9.670672416687012,-0.23913098900126264,-0.2004096350615106,-10.648231945375723,0.9515144389835603,3.3869735189041807,0.8368563003463853
1730865955.2834413,-1.9563443660736084,0.903839647769928,-9.61693286895752,-0.22815045619300345,-0.2195896639935963,-10.655504850798128,0.9514825189996791,3.4817428315559336,0.7700422024393896
1730865955.3332965,-1.9662718772888184,0.9583784937858582,-9.625625610351562,-0.21903232661038022,-0.24062480235668274,-10.662416621021823,0.9508932480324731,3.5752826484014197,0.6771120254171685
1730865955.3834836,-1.923431158065796,1.0500279664993286,-9.705564498901367,-0.21307312856723132,-0.2614969874338683,-10.667563766498745,0.9576722434714647,3.5412075735256177,0.8765325574458899
1730865955.4342368,-1.8367159366607666,1.1513241529464722,-9.823517799377441,-0.2113597958348378,-0.2804286205468596,-10.66973303333543,0.9586194573855329,3.614871706084744,0.8355065863317286
1730865955.4842105,-1.7143102884292603,1.2665013074874878,-9.948857307434082,-0.21450628297255203,-0.296227123891892,-10.668226592568155,0.962412225835399,3.8814833675718057,0.8768072446822706
1730865955.5342638,-1.5934988260269165,1.3747628927230835,-10.055098533630371,-0.22244301511531261,-0.3084780066328744,-10.663088099581584,0.9638984865320794,4.027438536016486,0.836789025145149
1730865955.5842412,-1.4835880994796753,1.4298890829086304,-10.111140251159668,-0.23431798502981038,-0.3175724776358647,-10.655151660822252,0.9654036889721138,4.154007622216551,0.8767524105520267
1730865955.6342456,-1.443881630897522,1.4316983222961426,-10.103753089904785,-0.2485532979308656,-0.324568750696833,-10.645892506363907,0.9664138298315811,4.303521991976315,0.8367148029418892
1730865955.6842623,-1.4952565431594849,1.3775787353515625,-10.049909591674805,-0.26307761740010355,-0.33090469782549176,-10.637113292919105,0.968110579653779,4.368702088631861,0.8706340887928322
1730865955.7341847,-1.6399167776107788,1.2702287435531616,-9.953142166137695,-0.27572388726187413,-0.33802232777099506,-10.630547306396231,0.9683471260566064,4.464353905667849,0.8293333593343288
1730865955.7842758,-1.8158236742019653,1.1555479764938354,-9.814238548278809,-0.28472086378021955,-0.34699267426797054,-10.62747526825277,0.9692360416645983,4.728044640018251,0.8645959773436607
1730865955.8341494,-1.987913966178894,1.0372942686080933,-9.684324264526367,-0.28913947449252336,-0.3582316104875094,-10.62843212042237,0.9695701664343217,8.022357735216287,0.8607455075968219
1730865955.8841746,-2.1046435832977295,0.9711049795150757,-9.589987754821777,-0.2891451163874755,-0.3713777821685346,-10.633064037456952,0.9690199119451067,9.416023318363209,0.8180376329792859
1730865955.9341092,-2.1483964920043945,0.9394667744636536,-9.553539276123047,-0.28597047775112716,-0.3853629807602327,-10.640182096988429,0.9677498918243691,10.807940499116754,0.7487188691833289
1730865955.9841945,-2.121264934539795,0.9565346837043762,-9.586009979248047,-0.2816171300072434,-0.39865188515834205,-10.648014641257536,0.9657682507919283,12.19957356798261,0.6526988029160854
1730865956.0340698,-2.039263963699341,0.9619608521461487,-9.645097732543945,-0.27837638248053553,-0.40957366111280624,-10.654598252010517,0.97007658533324,6.632665647694151,0.8581815658091673
1730865956.0840585,-1.9312196969985962,0.9948458671569824,-9.719782829284668,-0.2783047508531939,-0.4166420318769771,-10.658198233930687,0.9692558264933909,6.629618761186439,0.817013100903343
1730865956.1340225,-1.8107657432556152,1.0069457292556763,-9.799466133117676,-0.28278454682052107,-0.4187884002897863,-10.657644847684224,0.9677398369846376,6.625545633966375,0.7494811157149558
1730865956.184022,-1.7375962734222412,1.0039891004562378,-9.883305549621582,-0.2922626592647308,-0.41547909712099285,-10.652522658373513,0.9654998155681872,6.620415539141746,0.6550787060681458
1730865956.2339506,-1.6901278495788574,0.9899908900260925,-9.963652610778809,-0.3062140508790587,-0.40671530640207987,-10.643211285368544,0.9769327934705359,6.624912259035535,0.85432098013586
1730865956.2840056,-1.6511867046356201,1.0167818069458008,-10.022025108337402,-0.3233115348666379,-0.39294890313867203,-10.630802903688652,0.9772876862120364,6.6215881546564805,0.813067187147874
1730865956.3338845,-1.626352071762085,1.0566904544830322,-10.058816909790039,-0.341714833832524,-0.37498280165839615,-10.616922671679486,0.9830853322475467,6.631412445733714,0.8560148645271606
1730865956.3839247,-1.6089198589324951,1.1275053024291992,-10.08283519744873,-0.35938153179855614,-0.3539059374339876,-10.603482648898835,0.9839127524682276,6.6313216553727425,0.8161249648495617
1730865956.433835,-1.548673152923584,1.161179542541504,-10.08017635345459,-0.37433493706488585,-0.3310532413249013,-10.592412420230504,0.9917658661518213,6.6354512798271745,0.856577197879945
1730865956.4838657,-1.5168516635894775,1.1840696334838867,-10.051786422729492,-0.3848483838804751,-0.307941133790668,-10.58540580713,0.997841987071417,6.639860736495794,0.864081810354603
1730865956.533793,-1.4813148975372314,1.1318827867507935,-9.987784385681152,-0.3895467302446121,-0.2861359929371489,-10.583703403955408,1.0008824482846244,6.64155975159554,0.8281548824850312
1730865956.5838237,-1.4938756227493286,1.0512200593948364,-9.905617713928223,-0.3874690052380433,-0.2670485445425074,-10.587921633117148,1.002975681860114,6.642580385856907,0.7653688033808962
1730865956.6337664,-1.5253958702087402,0.9455553293228149,-9.82075309753418,-0.37813083355817256,-0.2516912688366688,-10.597946873076708,1.0040998548694364,6.642947436984716,0.6766958630086867
1730865956.683823,-1.6069215536117554,0.8572342395782471,-9.72569751739502,-0.3615953651437355,-0.24047494276133047,-10.612917687292562,1.0002979310452473,6.644305934539168,0.8658736274270116
1730865956.7337284,-1.7038275003433228,0.803158164024353,-9.66273307800293,-0.3385397086781794,-0.2331234027472191,-10.631305059456453,1.0005176019603594,6.645017407429941,0.8272235548651882
1730865956.7837372,-1.7038275003433228,0.803158164024353,-9.66273307800293,-0.3102705396464896,-0.22874805709142723,-10.6510937005132,1.0051917110316628,6.651218794390846,0.8708148171383074
1730865956.7837372,-1.8090814352035522,0.8006678223609924,-9.635173797607422,-0.27863078147411174,-0.22606408319436933,-10.670055095029063,1.0051992411154267,6.65123130083889,0.8706837720175507
1730865956.8336544,-1.8090814352035522,0.8006678223609924,-9.635173797607422,-0.24581242613659882,-0.2236662489044116,-10.686049321513277,1.0096125289633997,6.646464488089762,0.8749727252300015
1730865956.8336544,-1.8927173614501953,0.8072279691696167,-9.634767532348633,-0.21414369087755963,-0.22026818113024585,-10.697272872915033,1.0096247032671262,6.646455820471798,0.8747993070527941
1730865956.883653,-1.9440635442733765,0.8602471947669983,-9.668485641479492,-0.1858944825914185,-0.21486966422124523,-10.702427080229825,1.011099920275737,6.644973499638047,0.8371793812722782
1730865956.9336395,-1.9440635442733765,0.8602471947669983,-9.668485641479492,-0.16311548434043,-0.20686641971510436,-10.700817536113576,1.0121493579145917,6.642956529419562,0.7726554880543753
1730865956.9336395,-1.9826576709747314,0.9154075980186462,-9.733817100524902,-0.1474942688980811,-0.196101082068919,-10.692386191780509,1.0121558744189536,6.642938947726218,0.7720533100568606
1730865956.9837236,-1.9826576709747314,0.9154075980186462,-9.733817100524902,-0.14022712014924205,-0.18284657091419781,-10.677682154535105,1.0132187479607344,6.6441377311119565,0.8782179781337852
1730865956.9837236,-1.9989776611328125,0.9727869033813477,-9.810914993286133,-0.14194191722478505,-0.16773808810332896,-10.657783361799147,1.0132256075624269,6.644130610199856,0.8780793555215735
1730865957.033659,-1.9968469142913818,1.0430967807769775,-9.891023635864258,-0.1526819086785381,-0.1516893677573421,-10.634193425936544,1.0142713025857166,6.642663232809241,0.8400609530646005
1730865957.083661,-1.9078164100646973,1.1033395528793335,-9.982389450073242,-0.1719224129944811,-0.13582627300838496,-10.608748609330295,1.014926803031275,6.6408111539739805,0.7747669237625474
1730865957.1336153,-1.811535358428955,1.1505705118179321,-10.037453651428223,-0.1985748869303554,-0.12142651568658783,-10.583526079234705,1.0171465491808376,6.6421197294898935,0.8768758040451677
1730865957.1835968,-1.811535358428955,1.1505705118179321,-10.037453651428223,-0.2309890339049919,-0.10982174249844753,-10.560701107694566,1.0177621907384438,6.640950042967321,0.837447181542649
1730865957.1835968,-1.684177279472351,1.158101201057434,-10.068291664123535,-0.2670328533067374,-0.10224873421170268,-10.542335793643115,1.017764445631136,6.640940999332798,0.8370828690786376
1730865957.2335598,-1.684177279472351,1.158101201057434,-10.068291664123535,-0.30425959335148867,-0.09968742084266535,-10.530156155476446,1.017711237789038,6.639515112711899,0.7715469859247857
1730865957.2335598,-1.607757568359375,1.1402833461761475,-10.083259582519531,-0.3401065241639122,-0.10273809582825541,-10.525390031393748,1.017708080197531,6.639503779754679,0.7709720365736006
1730865957.2836456,-1.5794684886932373,1.0847864151000977,-10.054425239562988,-0.3721007586050489,-0.11154992117575149,-10.528682093838745,1.0168120901609425,6.637812857063387,0.6791127704691393
1730865957.3335211,-1.5794684886932373,1.0847864151000977,-10.054425239562988,-0.398053294751715,-0.1257884829476726,-10.540066264316572,1.0229130976599288,6.616018353342249,0.876846509399536
1730865957.3335211,-1.6266781091690063,1.0333889722824097,-10.00820255279541,-0.41623992256620745,-0.14465686168535594,-10.558985118260612,1.0229176339470551,6.615972950260419,0.8766515575294455
1730865957.3835816,-1.6266781091690063,1.0333889722824097,-10.00820255279541,-0.4255692469283201,-0.166980225708378,-10.584354541368786,1.027773752245998,6.5893213689841135,0.8770290403743805
1730865957.3835816,-1.7076492309570312,0.985153317451477,-9.948284149169922,-0.42569219841559625,-0.1913289068274544,-10.614667298608484,1.027783300343965,6.589230573102443,0.8768304191518829
1730865957.4335127,-1.7076492309570312,0.985153317451477,-9.948284149169922,-0.41702070342812964,-0.21615184548856994,-10.648121481415771,1.0285213212232565,6.57697733352356,0.8372883161611
1730865957.4335127,-1.7534598112106323,0.9991579055786133,-9.872818946838379,-0.40065677129724453,-0.2399141490304416,-10.682757072289881,1.02852286791706,6.576887807450628,0.8369104090922189
1730865957.4836228,-1.761965274810791,1.019677996635437,-9.80775260925293,-0.3782418382836519,-0.261244834059888,-10.716575761148643,1.0282683719268115,6.564084598678521,0.770921870395211
1730865957.5335631,-1.7332777976989746,1.0601274967193604,-9.740081787109375,-0.3517513456936558,-0.2790798222606369,-10.747623579217358,1.0271044863651568,6.550536940630642,0.6778612007826095
1730865957.5835302,-1.7332777976989746,1.0601274967193604,-9.740081787109375,-0.32326029879765594,-0.2927622453357385,-10.774065459812935,1.0250935229187168,6.536245243499461,0.5576740513185222
1730865957.5835302,-1.7360866069793701,1.0578792095184326,-9.706241607666016,-0.2947232066659017,-0.302066397974261,-10.794299098418003,1.0250758279880543,6.536137979369273,0.5566952744899509
1730865957.633568,-1.7360866069793701,1.0578792095184326,-9.706241607666016,-0.2678238855134898,-0.3071411229027879,-10.807091744057495,1.0308161042237374,6.569022594446042,0.8767593507338108
1730865957.633568,-1.7078824043273926,1.0534155368804932,-9.675688743591309,-0.24389526881137874,-0.3084106814900505,-10.811681405773053,1.0308182094838327,6.568974372305656,0.8765639805404064
1730865957.683474,-1.7233083248138428,1.0290294885635376,-9.678693771362305,-0.22387555517582836,-0.30647163707208647,-10.80781467880945,1.0308265892512933,6.561996740171702,0.8363570598127891
1730865957.733404,-1.7296462059020996,1.0342074632644653,-9.693284034729004,-0.20830282823457769,-0.3019964058925478,-10.795736538963478,1.0364201827668293,6.536572260311833,0.8766244033949488
1730865957.7834828,-1.7296462059020996,1.0342074632644653,-9.693284034729004,-0.1973589048720768,-0.29565790852789675,-10.776156346585328,1.0379436099224706,6.521952354571988,0.8363941877238045
1730865957.7834828,-1.7782323360443115,1.0552161931991577,-9.738544464111328,-0.19094364257698815,-0.2880932627569497,-10.7501947441607,1.0379504822435397,6.521871646481795,0.8361049497134733
1730865957.833414,-1.8271551132202148,1.1032934188842773,-9.756502151489258,-0.18877075553647105,-0.27990644214510235,-10.719311879381365,1.0389910058813472,6.506522368912677,0.7689197857336104
1730865957.8834038,-1.8970963954925537,1.1459044218063354,-9.80887222290039,-0.19048667863703428,-0.27170023613641436,-10.685223690490636,1.039558603877164,6.490493118773417,0.6751023785472763
1730865957.933347,-1.9201931953430176,1.1988476514816284,-9.833016395568848,-0.19577909924310408,-0.2641162824145243,-10.649805891725453,1.0392583633677146,6.514581013901709,0.8768550137471127
1730865957.983341,-1.93211030960083,1.2210768461227417,-9.855461120605469,-0.2044229821540897,-0.2578505308866189,-10.614981453982917,1.0394146138844527,6.507327043929119,0.8369638804433653
1730865958.0332818,-1.8952357769012451,1.1917591094970703,-9.863088607788086,-0.21624085579643368,-0.2536144445046587,-10.58259032010211,1.0445305176381234,6.506622759475465,0.8773788252943217
1730865958.0833924,-1.8952357769012451,1.1917591094970703,-9.863088607788086,-0.23100571854595375,-0.2520341275656027,-10.554252351329689,1.045920413174694,6.50055442018246,0.8376648063235312
1730865958.0833924,-1.8420480489730835,1.143674373626709,-9.883455276489258,-0.2483461122623421,-0.25352665660836715,-10.531250522319493,1.0459284976677519,6.500507277558551,0.8372726484738775
1730865958.1332362,-1.8420480489730835,1.143674373626709,-9.883455276489258,-0.2676945104386516,-0.25821045059836656,-10.514460915185898,1.0465313715441897,6.497702348379181,0.8770156577424794
1730865958.1332362,-1.7618697881698608,1.129366159439087,-9.8805570602417,-0.2882816847148836,-0.26588017597620106,-10.504331477903165,1.046537902942593,6.497658365413804,0.8768058140032452
1730865958.1833367,-1.7618697881698608,1.129366159439087,-9.8805570602417,-0.3091616881980842,-0.27604927426658976,-10.5008908454254,1.0469645294609418,6.491841019276998,0.8375768278367902
1730865958.1833367,-1.694387674331665,1.115341305732727,-9.905627250671387,-0.32926144595412477,-0.2880339170272381,-10.50378502211267,1.0469648097852275,6.491798518547599,0.8372158688665999
1730865958.2332082,-1.6100733280181885,1.094612956047058,-9.931663513183594,-0.3474417732237763,-0.30103937014246296,-10.512356017073161,1.0465725025268227,6.485265024873691,0.7718094098570414
1730865958.2832747,-1.5418109893798828,1.0807050466537476,-9.972339630126953,-0.3625368622967515,-0.3142281158853679,-10.525756549907104,1.0505093907837542,6.488783483732505,0.8763284409449124
1730865958.3331993,-1.499990701675415,1.0729589462280273,-10.015694618225098,-0.3733834363968795,-0.3267744762802921,-10.54307382119607,1.0529604829628474,6.477421545600377,0.8758330686519461
1730865958.383289,-1.4388550519943237,1.0682786703109741,-10.016959190368652,-0.3788851290440798,-0.33791934128311446,-10.563430907448183,1.0529818684895962,6.470729081322262,0.8356200782880451
1730865958.4332135,-1.4234479665756226,1.0768064260482788,-10.036955833435059,-0.3781089592572727,-0.34702700211593707,-10.586037112805908,1.056116959441038,6.473240616245437,0.8749982955077412
1730865958.4831707,-1.4432932138442993,1.1116139888763428,-10.005428314208984,-0.3703920055408591,-0.35364150122819715,-10.610182691829266,1.056708175867192,6.4677884132315056,0.8349159970450224
1730865958.5341525,-1.5085569620132446,1.1484904289245605,-9.962830543518066,-0.3554647577793715,-0.35754429316144987,-10.635193696522666,1.0563804824768366,6.461343608020528,0.7670571476760696
1730865958.5831633,-1.5824558734893799,1.1850098371505737,-9.87814998626709,-0.3335829152784384,-0.3588019158924832,-10.660357501513035,1.0570409591042202,6.460556190866759,0.8748903406400765
1730865958.6341417,-1.7026240825653076,1.1562330722808838,-9.797066688537598,-0.3056270039421473,-0.35776790585248514,-10.684836715497422,1.05647722077831,6.455256527935937,0.8341949252577306
1730865958.6841717,-1.8434793949127197,1.0966352224349976,-9.701960563659668,-0.27314190664513005,-0.35499776971822145,-10.70760614894397,1.0551874069258746,6.449125356858143,0.7669417301473201
1730865958.7341104,-1.9647480249404907,1.0394996404647827,-9.635427474975586,-0.23830909336234962,-0.351080941200003,-10.727445448647547,1.0532753674991475,6.442177333942404,0.6737468396149874
1730865958.7841659,-1.9647480249404907,1.0394996404647827,-9.635427474975586,-0.20381430324817232,-0.3464720220607467,-10.743012974242927,1.0593440296601238,6.447817108404903,0.8747622247550897
1730865958.7841659,-2.0362460613250732,0.9632866978645325,-9.589738845825195,-0.17257101920107373,-0.3414072053963185,-10.753004286256648,1.0593444536275907,6.447795850347593,0.8746325851564769
1730865958.8331368,-2.0362460613250732,0.9632866978645325,-9.589738845825195,-0.14736425053328564,-0.33590121063038486,-10.756339678892031,1.0592538803721592,6.443085699681221,0.8354880718360812
1730865958.8331368,-2.0580220222473145,0.9396564364433289,-9.595098495483398,-0.13053606430604994,-0.3297862018265318,-10.752312470366487,1.059251810350478,6.443046095966834,0.8350849053984336
1730865958.8841126,-2.0260348320007324,0.9472898840904236,-9.640368461608887,-0.12375977370534534,-0.3227878891573519,-10.740690307630905,1.0605211124121414,6.43151087477643,0.8747165755450773
1730865958.9341154,-1.9630955457687378,1.0134309530258179,-9.721592903137207,-0.12788795974568196,-0.31463499123783606,-10.721790652413773,1.0605217396881603,6.424667106044754,0.8340439613483821
1730865958.984118,-1.895137906074524,1.0919886827468872,-9.815616607666016,-0.14286130160934352,-0.3051961818026169,-10.696533795762761,1.0618450993675403,6.415639909337791,0.8753380218752935
1730865959.0339692,-1.8222602605819702,1.1473636627197266,-9.905097961425781,-0.1676909040993348,-0.29461997574463744,-10.66645275582621,1.0619041144895276,6.4071649954956165,0.8356735706204154
1730865959.0840662,-1.8222602605819702,1.1473636627197266,-9.905097961425781,-0.20055013802013433,-0.2834010932927114,-10.633613203489585,1.0649026836503483,6.398804772449166,0.875572534947346
1730865959.0840662,-1.7455374002456665,1.1361726522445679,-9.956357955932617,-0.23898630338171253,-0.27231241340741785,-10.600410821375736,1.0649085990707172,6.398744206735655,0.8754225825305645
1730865959.1339521,-1.700907826423645,1.1482601165771484,-10.000899314880371,-0.28018941249471174,-0.262237824868335,-10.569300925003109,1.065604078431727,6.387717288148793,0.8357361491215751
1730865959.1839936,-1.7207727432250977,1.1174755096435547,-10.020934104919434,-0.3212508103972871,-0.25399971661275134,-10.542561467263397,1.065549112751381,6.375949835764303,0.769182256609268
1730865959.233999,-1.7523990869522095,1.134559988975525,-9.988039016723633,-0.3594262716950637,-0.24823656672377875,-10.522109814732428,1.0647205303144998,6.390639003681352,0.8794275347152505
1730865959.2839696,-1.8286563158035278,1.1376848220825195,-9.950651168823242,-0.39241901108966204,-0.2453412224670208,-10.509333011652256,1.0637038538555739,6.385441138632335,0.8410051091969133
1730865959.3339097,-1.8731988668441772,1.1633003950119019,-9.883402824401855,-0.41862498912570517,-0.24546220584736023,-10.504936418944887,1.067334225663624,6.3734765838588965,0.882402920542524
1730865959.3839538,-1.87714421749115,1.2097761631011963,-9.829784393310547,-0.437261490904777,-0.24855560315887834,-10.508855491412131,1.0690741682644866,6.369205363509997,0.8847431276300258
1730865959.43391,-1.87714421749115,1.2097761631011963,-9.829784393310547,-0.4483341450436674,-0.254459498736341,-10.52027098501111,1.0684489050075856,6.364138350057377,0.8472905024770503
1730865959.43391,-1.8527741432189941,1.2444229125976562,-9.779115676879883,-0.45246976619271995,-0.26295434750353,-10.537742283380759,1.0684397174656166,6.364096150930759,0.84689612185099
1730865959.483997,-1.7791498899459839,1.2536530494689941,-9.761033058166504,-0.4506842659836699,-0.2737913173779785,-10.559413474777944,1.066675742842561,6.358266365484403,0.7822916698763943
1730865959.5338774,-1.7433054447174072,1.2289862632751465,-9.7857084274292,-0.44413610671951814,-0.2866957837562457,-10.583231688296998,1.0705250575987848,6.334993677581216,0.8873253654359485
1730865959.583923,-1.7001326084136963,1.2023404836654663,-9.813427925109863,-0.4339175673764954,-0.3013410303408067,-10.607173075486932,1.0695552614099568,6.323341697738953,0.8486793075414263
1730865959.6338441,-1.658395528793335,1.1724835634231567,-9.855494499206543,-0.42093208896298034,-0.3172981109431321,-10.629470227639963,1.0723525209562288,6.302013841949188,0.8901240309051147
1730865959.6838272,-1.589672565460205,1.1396898031234741,-9.88569164276123,-0.40584613153331867,-0.33399945233848677,-10.648791168205593,1.0742491069510296,6.281896991285846,0.888714750963771
1730865959.733828,-1.5081108808517456,1.1046420335769653,-9.922158241271973,-0.3890675908505842,-0.350738840651396,-10.664332485675152,1.0739082567449334,6.265692348377692,0.8487818132372309
1730865959.7838185,-1.4295170307159424,1.1049782037734985,-9.95274543762207,-0.37072856032970736,-0.3667075746528138,-10.675827724800577,1.072611405669248,6.248534200895442,0.7818999632011638
1730865959.833836,-1.4295170307159424,1.1049782037734985,-9.95274543762207,-0.3506994318260213,-0.3810693877300637,-10.683487235401735,1.0704266546897494,6.230577179783651,0.6889514197534504
1730865959.833836,-1.4276865720748901,1.1359474658966064,-9.951932907104492,-0.3286825068184158,-0.39306805309098636,-10.687881398415396,1.0704076554245245,6.230443635179794,0.6881813749046273
1730865959.8838398,-1.4276865720748901,1.1359474658966064,-9.951932907104492,-0.30437538067846037,-0.40213734711741583,-10.689789646974162,1.0742675177207455,6.260634532887496,0.8884595517710487
1730865959.8838398,-1.4848183393478394,1.1582427024841309,-9.916403770446777,-0.27763360795523706,-0.4079749598408234,-10.690051176145623,1.0742645756617375,6.260580100057229,0.8883062802941084
1730865959.9337692,-1.4848183393478394,1.1582427024841309,-9.916403770446777,-0.2485872482121786,-0.4105622229661221,-10.68943831658871,1.0765423297578844,6.226881792245611,0.8883967104270661
1730865959.9337692,-1.5948827266693115,1.1681678295135498,-9.850994110107422,-0.2177057035992883,-0.41013817482533166,-10.688559164740315,1.0765441682954007,6.226760516035301,0.8881921058333001
1730865959.9839382,-1.7093874216079712,1.1369863748550415,-9.79179573059082,-0.1858336376083795,-0.40713944866548624,-10.687783289177448,1.076549988696731,6.210491832981484,0.8482182084887541
1730865960.0338023,-1.7093874216079712,1.1369863748550415,-9.79179573059082,-0.1542048797308136,-0.40211354528764387,-10.687191883575013,1.0782540117575838,6.230793273930977,0.888030771775095
1730865960.0338023,-1.8193243741989136,1.1080282926559448,-9.737626075744629,-0.12437405348412399,-0.3956269314916019,-10.686587659216174,1.0782573540903109,6.230759245256898,0.8878376023589339
1730865960.083812,-1.8193243741989136,1.1080282926559448,-9.737626075744629,-0.09805311149820423,-0.3881943523262158,-10.685569037195984,1.0785960266400274,6.225589710694256,0.8479760815262827
1730865960.083812,-1.884267807006836,1.1029753684997559,-9.714607238769531,-0.07692193219769863,-0.38024155148559724,-10.68362746517867,1.0785972426202368,6.225558115952058,0.8476792133887614
1730865960.1337838,-1.9105286598205566,1.1115912199020386,-9.716594696044922,-0.06245699528261671,-0.3721022198547197,-10.680245728185682,1.0787376213355897,6.219412224051634,0.7809445574410896
1730865960.1837988,-1.9257912635803223,1.116139531135559,-9.744019508361816,-0.055795674399404555,-0.36403895741458336,-10.674993138148384,1.079761761306471,6.211389406308328,0.8877190896653997
1730865960.2337227,-1.9447674751281738,1.1083884239196777,-9.78177261352539,-0.0576408260374832,-0.35626754925020526,-10.667617373465642,1.0801797564670603,6.203512237476908,0.8477247331488967
1730865960.28374,-1.942165493965149,1.0875669717788696,-9.824285507202148,-0.06820229738393666,-0.34896361654358277,-10.65812663118854,1.0815980399380585,6.192198234420517,0.8875471228828672
1730865960.3336928,-1.9253342151641846,1.0885087251663208,-9.844911575317383,-0.08717828937320554,-0.34224792985713337,-10.646833571631563,1.0822031686855564,6.181714262196854,0.8474245372820531
1730865960.383695,-1.8715403079986572,1.0781447887420654,-9.8873929977417,-0.11376439551689087,-0.3361721711239193,-10.634338233873457,1.0825566800561774,6.170377962550509,0.7806308197229876
1730865960.4336674,-1.8715403079986572,1.0781447887420654,-9.8873929977417,-0.14668390695731118,-0.33072314220525234,-10.621457683862761,1.0825850152449341,6.158300289076009,0.6880024467625191
1730865960.4336674,-1.8378441333770752,1.0401469469070435,-9.917705535888672,-0.18426474101044552,-0.32583418245466955,-10.609123827568943,1.0825837628178934,6.158199086349339,0.687144761874443
1730865960.48365,-1.7672381401062012,1.032460331916809,-9.951805114746094,-0.22456302999014088,-0.32138482919212213,-10.598277630256282,1.0853672733190112,6.180332429532174,0.8838383270037694
1730865960.5337403,-1.7021394968032837,1.0370874404907227,-9.975760459899902,-0.26548040915399584,-0.31719918802282787,-10.589790559032412,1.085328813379185,6.175419529588684,0.8434358162226817
1730865960.5838394,-1.65043306350708,1.073177456855774,-10.0149564743042,-0.3048545159187779,-0.31307682588428676,-10.584416869596728,1.0905494912960392,4.7761475331454015,0.8788798034964103
1730865960.6337297,-1.65043306350708,1.073177456855774,-10.0149564743042,-0.3405679788364159,-0.30885879973901553,-10.582757960686038,1.091470820166595,4.292491534648612,0.8375631167263778
1730865960.6337297,-1.6014059782028198,1.14634108543396,-10.020565032958984,-0.3707013121241003,-0.3044940699251033,-10.585223042179123,1.0914744266574923,4.28899328887449,0.837169730959961
1730865960.6836996,-1.5850491523742676,1.22859787940979,-9.987622261047363,-0.39368496495612326,-0.3000987262256071,-10.591979693842426,1.0944709660754781,3.853507987057824,0.8758234189313163
1730865960.733647,-1.6096011400222778,1.2526041269302368,-9.945744514465332,-0.408407027556843,-0.2960122246844122,-10.60289985589382,1.095149838045602,3.3554752367822984,0.8344438298939557
1730865960.7837098,-1.6096011400222778,1.2526041269302368,-9.945744514465332,-0.41428960814424626,-0.29279568674201817,-10.617523696776784,1.0948043404127235,2.857124101317746,0.7666908424717742
1730865960.7837098,-1.665219783782959,1.2559261322021484,-9.857342720031738,-0.41134176258731325,-0.29112787716097005,-10.635067568154135,1.0947983571536266,2.8536720007735776,0.7661298039714756
1730865960.8336103,-1.665219783782959,1.2559261322021484,-9.857342720031738,-0.4001661509262767,-0.29165263411869746,-10.654470327385253,1.093442312785778,2.3571834935494684,0.672291574186437
1730865960.8336103,-1.7471556663513184,1.2027697563171387,-9.769553184509277,-0.3819101356921566,-0.29484734138378677,-10.67446045493747,1.0934288371112793,2.353568442254808,0.6715126852161629
1730865960.8836133,-1.8258168697357178,1.1118991374969482,-9.667461395263672,-0.35818616807106085,-0.3009101257945094,-10.693626848591256,1.0964528626571863,5.9449799388275615,0.8729453202495097
1730865960.9335773,-1.8258168697357178,1.1118991374969482,-9.667461395263672,-0.33097812881084376,-0.3096609906848574,-10.710477459298525,1.0960508605506847,6.294278888806629,0.8320467816585245
1730865960.9335773,-1.8815194368362427,1.0185134410858154,-9.608986854553223,-0.3024981229439314,-0.3205104763271178,-10.723526118811286,1.0960448785655947,6.296833771465905,0.8316489203798835
1730865960.9835758,-1.8734042644500732,0.954424262046814,-9.58102798461914,-0.27498527006775375,-0.3325086239732643,-10.731430160083828,1.1008817801599997,5.267074455959097,0.8689894862079677
1730865961.033538,-1.8734042644500732,0.954424262046814,-9.58102798461914,-0.25049724444319776,-0.34443280704210305,-10.733123786573714,1.1013170945585244,5.175781098990113,0.8276705835837515
1730865961.033538,-1.824157476425171,0.9195178747177124,-9.613903045654297,-0.2307217253859797,-0.3549223520012689,-10.72792703119717,1.101317969229242,5.175120725794146,0.8272762473108929
1730865961.0836797,-1.7324042320251465,0.9404146075248718,-9.695297241210938,-0.21680666043604807,-0.3626616397392022,-10.715654898527063,1.1011679710116316,5.083030267375485,0.7591496071128153
1730865961.133535,-1.6441199779510498,0.9858413338661194,-9.814929962158203,-0.20921732865682063,-0.36656574527643315,-10.69672625683427,1.101427398368162,5.032966994957083,0.8742799211824126
1730865961.1836119,-1.5686087608337402,1.074684739112854,-9.920032501220703,-0.2076562807241373,-0.36595170840556096,-10.672243791096136,1.1011328635379207,4.947665781440428,0.8351421573301021
1730865961.2334654,-1.5686087608337402,1.074684739112854,-9.920032501220703,-0.2111057409947052,-0.3606734137373576,-10.643977532261497,1.101559666288557,4.747156040423866,0.8780775251723788
1730865961.2334654,-1.542607307434082,1.151999592781067,-10.003628730773926,-0.21801623453932165,-0.35115769726405077,-10.61419152558533,1.1015574786195201,4.746200839647306,0.8778987880655843
1730865961.283573,-1.5542049407958984,1.2301385402679443,-10.041191101074219,-0.22658359449071952,-0.33834063143890325,-10.585369707099819,1.1009697754486254,4.613056665090649,0.8398048846379498
1730865961.3333614,-1.6225168704986572,1.2406723499298096,-10.066964149475098,-0.23503303400956882,-0.3235633537311593,-10.559953299514346,1.0998115322350854,4.479416678209561,0.7756027879492836
1730865961.3834236,-1.7253564596176147,1.2138913869857788,-10.027120590209961,-0.2418873406215661,-0.30841842920977686,-10.540109878763307,1.0980500406462026,4.344138148234018,0.6846305365842293
1730865961.4334004,-1.8377536535263062,1.1672279834747314,-9.96264362335205,-0.24621190085018643,-0.29451154239987865,-10.527502013621126,1.1017829758010356,4.5871284947582245,0.8801628084731247
1730865961.4834306,-1.8791604042053223,1.118408203125,-9.90227222442627,-0.24777322863992757,-0.2831932732373208,-10.523075463799383,1.1009484628435382,4.532646096207192,0.8414063301867724
1730865961.5334456,-1.8703622817993164,1.049418330192566,-9.87574577331543,-0.24702538604134613,-0.27535030620484036,-10.526937903349145,1.1032410941080268,4.270465530834416,0.8842691353910692
1730865961.5833516,-1.7904411554336548,0.9940613508224487,-9.860814094543457,-0.24489777381047811,-0.2712944064988103,-10.538386845044693,1.1034340268900686,3.966745235932285,0.888622125499584
1730865961.6333067,-1.6464136838912964,0.9628157019615173,-9.86606502532959,-0.2424428398996709,-0.27075317030442014,-10.556077490669601,1.1028620813633832,3.7656623917524614,0.8519785857190079
1730865961.683353,-1.5627888441085815,0.9482263922691345,-9.848698616027832,-0.2404576702390937,-0.2729620066293639,-10.578262118330015,1.101677724798549,3.562455635449341,0.7884490377424137
1730865961.7333167,-1.562458872795105,0.9341247081756592,-9.841981887817383,-0.23923231815581855,-0.2768338761537439,-10.60302472422534,1.099896608530743,3.359498727181405,0.6986210449898023
1730865961.783527,-1.5797141790390015,0.9555282592773438,-9.840194702148438,-0.23854255742507852,-0.2811579624529552,-10.628470639999028,1.103355687649188,3.8624130046813083,0.8853118462719477
1730865961.8334281,-1.656130313873291,1.0449622869491577,-9.828990936279297,-0.23785659716474924,-0.2848020580498688,-10.652870865385765,1.1025199397554934,3.7945837472393693,0.8454294949361204
1730865961.883437,-1.7408385276794434,1.130565881729126,-9.812065124511719,-0.236624598883463,-0.2869229602953377,-10.6747634737253,1.1010824022635095,3.725523244978848,0.7784791688923508
1730865961.933372,-1.8037424087524414,1.1793253421783447,-9.80042552947998,-0.2345361848248194,-0.28714668305640634,-10.693007162913304,1.099069292012842,3.656281484049296,0.6854399622587091
1730865961.9834905,-1.8700915575027466,1.1633671522140503,-9.820185661315918,-0.23167003162914893,-0.2856254379913006,-10.70680198643769,1.1038201349953367,3.6276304455314707,0.88506795207892
1730865962.0333447,-1.9134926795959473,1.100498914718628,-9.80792236328125,-0.22851097111540347,-0.28291632438108,-10.715701373621895,1.1030694161667411,3.5609636194298737,0.8449912297190056
1730865962.083408,-1.9134926795959473,1.100498914718628,-9.80792236328125,-0.22585888192101747,-0.27973919914680706,-10.7196091764645,1.1040213264771497,0.5729331398309638,0.8849176060827333
1730865962.083408,-1.9817607402801514,0.9967160820960999,-9.799867630004883,-0.22467333420338453,-0.2767376655310692,-10.718742327238335,1.1040187578842207,0.5670108371493973,0.8847678252951869
1730865962.1332574,-2.009242534637451,0.8998187184333801,-9.762540817260742,-0.2259217561379267,-0.2742993672779345,-10.713561125175183,1.1032778369940694,-0.49337873770355944,0.8446246001540777
1730865962.1833553,-2.0146119594573975,0.8520634174346924,-9.732019424438477,-0.23047176873049177,-0.27242801571204955,-10.704675050452426,1.1033106267065345,1.6345284597218321,0.8846156727829738
1730865962.2332752,-1.9653370380401611,0.8578269481658936,-9.763777732849121,-0.2389906107773324,-0.27071718371009657,-10.692749166136645,1.1035037252836768,1.6360596580009508,0.8846280301404732
1730865962.2832632,-1.8760980367660522,0.9307280778884888,-9.811843872070312,-0.2518104923148504,-0.26848691395536217,-10.678468688155025,1.102590659265832,1.6354463151735996,0.8443902019972435
1730865962.3331802,-1.7786275148391724,1.0387083292007446,-9.875558853149414,-0.2687789864005795,-0.26505104213236363,-10.662582179900326,1.101033762511855,1.6341712035268579,0.7777727227499253
1730865962.3832405,-1.7020138502120972,1.1243410110473633,-9.926508903503418,-0.2891573071584955,-0.2600109894870783,-10.645968275164924,1.098770200436677,1.6322320829105237,0.6841334038001672
1730865962.4332123,-1.6601722240447998,1.1989141702651978,-9.964488983154297,-0.31163304043691464,-0.2534576242044614,-10.629658559644053,1.1036650727696942,1.6359379325951595,0.8846957166526074
1730865962.4832904,-1.6342209577560425,1.2611186504364014,-9.975395202636719,-0.3344687781993523,-0.2460144742460369,-10.614788290638076,1.10251867046231,1.635048476213482,0.8447070347844897
1730865962.5331616,-1.622498869895935,1.2675787210464478,-9.962905883789062,-0.3557432179044229,-0.23873550650402564,-10.602482028457954,1.1043823950857317,1.6361762807195137,0.884940445781027
1730865962.5832772,-1.639206886291504,1.2061913013458252,-9.937066078186035,-0.37361402321415527,-0.23289211938072354,-10.593703120558263,1.103258242224219,1.6353666790487282,0.845363425016859
1730865962.6331246,-1.6860491037368774,1.1449236869812012,-9.880510330200195,-0.38655663503797694,-0.22968286909838637,-10.58910451583986,1.101197809470502,1.633987711907305,0.7797214918944403
1730865962.6834114,-1.7109571695327759,1.0855287313461304,-9.83228588104248,-0.3935558787653471,-0.22994562088212933,-10.58891217818815,1.1051806484281075,1.6366474813367913,0.8848316762893242
1730865962.7330935,-1.709753394126892,1.0741137266159058,-9.788422584533691,-0.3942113021929725,-0.23397959065008817,-10.592867496099032,1.1039744977466452,1.6359142581027675,0.8448399339905696
1730865962.7832174,-1.6724727153778076,1.0828081369400024,-9.795247077941895,-0.388714546243186,-0.24153433279108047,-10.600256249416743,1.1067444816547227,2.9696639026663534,0.8902258084559903
1730865962.8330767,-1.6206578016281128,1.0981696844100952,-9.837224006652832,-0.37770487993332613,-0.25194084762207153,-10.610040504561038,1.1059333305924932,3.4303307090671855,0.8521907521712203
1730865962.8830912,-1.5427521467208862,1.13316011428833,-9.84755802154541,-0.3620583044109571,-0.2643082340601528,-10.621066449924138,1.1073930190002443,3.877721491410991,0.8933889002592053
1730865962.933006,-1.5629488229751587,1.1618047952651978,-9.863628387451172,-0.3426897204148947,-0.2777156521785953,-10.632265829063217,1.1065136233140238,4.362249666783676,0.8556644463643449
1730865962.9830446,-1.629149079322815,1.215698003768921,-9.845447540283203,-0.3204615072505862,-0.29136584342935623,-10.642775413829492,1.1047909169393075,4.851095236212908,0.7907816057707383
1730865963.0340078,-1.6967530250549316,1.2590280771255493,-9.838217735290527,-0.2962380875680029,-0.3046917492502549,-10.651964926746654,1.1021987239134672,5.354313165885525,0.6956907403217408
1730865963.084012,-1.7413307428359985,1.2730633020401,-9.82457160949707,-0.2710022629241511,-0.3174087598705464,-10.659409739858916,1.1080839876799158,4.49272266510501,0.8917876225329542
1730865963.1339903,-1.7646113634109497,1.2583575248718262,-9.81188678741455,-0.24590717909979953,-0.32949299992866365,-10.664848674212507,1.1073214079434155,4.725637177189331,0.8520493074681944
1730865963.1839724,-1.7786732912063599,1.2127102613449097,-9.802888870239258,-0.22221974522811647,-0.3410794965735937,-10.668147824638279,1.10909868702301,5.548841413148672,0.8906570099929478
1730865963.233917,-1.8130278587341309,1.14822256565094,-9.807696342468262,-0.20119938677792198,-0.35231034381391035,-10.669276497752818,1.1086667773118963,5.960553923338586,0.8502889686579044
1730865963.2838762,-1.809478998184204,1.100132703781128,-9.810400009155273,-0.18397558462906705,-0.3631859827344025,-10.668299157256858,1.107762011334394,6.3672111058612835,0.783898561466588
1730865963.333905,-1.797210454940796,1.1131501197814941,-9.829365730285645,-0.17144590235459556,-0.3734841958730495,-10.66537992546367,1.1103342581314226,6.25608051115356,0.8903550866569848
1730865963.383851,-1.7991148233413696,1.125964879989624,-9.836786270141602,-0.1641890650572241,-0.382795118711187,-10.66078895001812,1.1100490804137282,6.507361159304586,0.8501787397421925
1730865963.4338167,-1.7826963663101196,1.1695894002914429,-9.845488548278809,-0.16240976313947308,-0.39065307929323406,-10.654898418373708,1.1112416730986838,5.987330004174129,0.8852486846389214
1730865963.4838102,-1.7767739295959473,1.2048052549362183,-9.856528282165527,-0.16593270785570954,-0.3966922884155121,-10.64816050324813,1.1110733889348101,5.979834604096057,0.8432796640507548
1730865963.5337822,-1.8129676580429077,1.1983704566955566,-9.851751327514648,-0.17424583943171562,-0.4007577098381936,-10.64107057064115,1.1120245417975956,5.975934696474148,0.8814803622584769
1730865963.5838563,-1.865580439567566,1.1427628993988037,-9.82577133178711,-0.18660141538132619,-0.40291957029318387,-10.634117186743435,1.1117977662762897,5.968401164342455,0.839896049762668
1730865963.633715,-1.881205439567566,1.0834192037582397,-9.824111938476562,-0.20216118433912988,-0.40337723438009665,-10.627719545292882,1.1110520708985043,5.959486928490282,0.7686936795058146
1730865963.68373,-1.863053321838379,1.0553536415100098,-9.826824188232422,-0.2201142012634138,-0.4023142177980781,-10.622177338518437,1.1130652878426208,5.966903134807437,0.8848319684638741
1730865963.7337158,-1.8265241384506226,1.0528087615966797,-9.850543975830078,-0.23970454809833863,-0.399805048995441,-10.617664913703674,1.1125520422712816,5.961986647843622,0.8449180584401096
1730865963.7837036,-1.7715882062911987,1.0776413679122925,-9.877630233764648,-0.26018190694326465,-0.3958257393607913,-10.614270039515256,1.1114473310778687,5.956288054113673,0.7805689809550518
1730865963.8336518,-1.7354477643966675,1.0973707437515259,-9.941924095153809,-0.28073518184656504,-0.3903409883498914,-10.612057607684221,1.1140370703225844,5.9535188930634435,0.8843787974395346
1730865963.8837056,-1.689695954322815,1.1317925453186035,-9.966397285461426,-0.3004611394520883,-0.38340549728804874,-10.611137927351622,1.1133435430227405,5.947389275133039,0.8444778728376359
1730865963.9335935,-1.6389662027359009,1.1293141841888428,-9.971222877502441,-0.3183822975239622,-0.3752284925661707,-10.611703270952551,1.111881596129,5.940362034472637,0.7783571883279391
1730865963.9836588,-1.6623183488845825,1.1505361795425415,-9.938908576965332,-0.33350550796840217,-0.3661794698240759,-10.613992889036094,1.1143847730108272,5.94157055926156,0.8886581065822755
1730865964.0335605,-1.685981035232544,1.114296793937683,-9.907242774963379,-0.34492944899290373,-0.3567400874602708,-10.618192290048363,1.1132504477489953,5.935751603575153,0.847512305111439
1730865964.0836053,-1.7127622365951538,1.098321795463562,-9.828071594238281,-0.3519919629756816,-0.3474184764233852,-10.624313017034446,1.1148072155347715,5.926933307137865,0.8938503793211215
1730865964.1335196,-1.7381293773651123,1.0863145589828491,-9.812661170959473,-0.3543943582169332,-0.33865329314296133,-10.632099218243816,1.113711097936819,5.918719275711315,0.8560037237573882
1730865964.1835907,-1.7394286394119263,1.1070185899734497,-9.751754760742188,-0.3522476663392492,-0.3307540357510932,-10.640999031263028,1.1151866680961307,5.9147099459577515,0.9021701269260507
1730865964.2335656,-1.7783422470092773,1.099996566772461,-9.74980354309082,-0.3460407521261982,-0.32390242398048946,-10.65021330812461,1.1141062032119644,5.907010307742738,0.8666229289166185
1730865964.2834716,-1.775434136390686,1.1180026531219482,-9.734968185424805,-0.33656339346242004,-0.318187815250356,-10.658801443113322,1.1121607274320366,5.89846692608774,0.8040634423802449
1730865964.3334875,-1.7961090803146362,1.0978853702545166,-9.74190616607666,-0.3248102130113545,-0.3136382951238553,-10.665816897809075,1.114995587894798,5.907710073349277,0.9066105325817732
1730865964.3834748,-1.8024729490280151,1.096219539642334,-9.761283874511719,-0.3118749989033276,-0.31023119383823106,-10.670443503163636,1.1137984977323105,5.903641218895292,0.8686632216903978
1730865964.4334664,-1.8615046739578247,1.0873790979385376,-9.789366722106934,-0.2988577256863114,-0.3078880690979682,-10.67210954023416,1.115602873075982,5.895552341326751,0.9141248372467887
1730865964.4834557,-1.8906596899032593,1.113863468170166,-9.796687126159668,-0.2868114644178914,-0.30647721557495317,-10.670564028442765,1.1146672018211983,5.889712546112971,0.876719541346823
1730865964.533443,-1.8843986988067627,1.1354656219482422,-9.818350791931152,-0.27671259323562947,-0.30584486010539846,-10.66589696370064,1.113036619132078,5.8831582887278335,0.8130217534503568
1730865964.5834439,-1.8520234823226929,1.1645499467849731,-9.829914093017578,-0.26940005480445955,-0.3058682850877891,-10.658504011235365,1.1107259612827423,5.875838799015344,0.7227685002848865
1730865964.6334517,-1.8085271120071411,1.176212191581726,-9.861815452575684,-0.26546702432545133,-0.3065005569048412,-10.649021574095205,1.1159944794905583,5.884213255443273,0.9158148347338662
1730865964.6834452,-1.7181299924850464,1.1627516746520996,-9.876137733459473,-0.265143079971352,-0.3077774455577792,-10.638255402370628,1.1151201581639318,5.879217137423739,0.8767616185614502
1730865964.7333987,-1.6924563646316528,1.1392431259155273,-9.905946731567383,-0.26821147939594886,-0.30977513837552767,-10.62710934501132,1.1167665996228555,5.869350528848756,0.9162599085799576
1730865964.7834475,-1.6710063219070435,1.1597439050674438,-9.915834426879883,-0.2740087205599382,-0.312543466809874,-10.616513444828248,1.1160717458647793,5.862018883856673,0.8776790336976249
1730865964.8333828,-1.6623401641845703,1.1732234954833984,-9.910504341125488,-0.28153239860915313,-0.31606954923412606,-10.607348394834203,1.1146128589144617,5.8534471978751,0.8092290886055343
1730865964.8834436,-1.664509892463684,1.188157320022583,-9.918722152709961,-0.2896159661340941,-0.3202944927346616,-10.600365562809166,1.1125748903992285,5.844729835497843,0.7202904136875898
1730865964.933397,-1.664509892463684,1.188157320022583,-9.918722152709961,-0.2971051983512174,-0.3251473999759068,-10.596119188609128,1.117165401916972,5.853706735439962,0.9134684596804916
1730865964.933397,-1.6572636365890503,1.1673773527145386,-9.908549308776855,-0.30299808364724135,-0.3305556635982515,-10.59492914430075,1.117160999877476,5.85367120501601,0.9132726122487672
1730865964.9834638,-1.6591688394546509,1.130024790763855,-9.90406608581543,-0.30653137459872504,-0.33641903146331553,-10.59686959612824,1.116169159362716,5.848348000924547,0.8729597648079721
1730865965.0333724,-1.6591688394546509,1.130024790763855,-9.90406608581543,-0.30721806825477904,-0.3425655937444778,-10.601777663893623,1.118252892841248,5.836470055573275,0.9103106153873936
1730865965.0333724,-1.6374982595443726,1.1253414154052734,-9.897210121154785,-0.3048483086191923,-0.3487333355434825,-10.609286231113993,1.1182503721607073,5.836406417494461,0.9100993978772852
1730865965.0834715,-1.6542800664901733,1.1127800941467285,-9.890379905700684,-0.2994602120754243,-0.35459806988001086,-10.618873821525277,1.1188446785766915,5.820597518171338,0.9079122285350799
1730865965.1333466,-1.6624219417572021,1.1077226400375366,-9.87459659576416,-0.2913002969467252,-0.3598193876087403,-10.629915499426286,1.1181550489677539,5.809671671069664,0.8667567213500331
1730865965.183495,-1.6803877353668213,1.1172305345535278,-9.872438430786133,-0.280794767872402,-0.364080208162572,-10.641728516765252,1.1167361093673633,5.797727448430237,0.7983343231673337
1730865965.2333581,-1.6642932891845703,1.1443051099777222,-9.851571083068848,-0.26851934481341716,-0.36712929946436945,-10.653615637875616,1.1192464878456476,5.810050736673622,0.9063915148709574
1730865965.2835011,-1.676072597503662,1.1518168449401855,-9.866317749023438,-0.25514509853463974,-0.36883115993617455,-10.664908792377748,1.1184458434657345,5.804022989055247,0.8660888023697412
1730865965.3333554,-1.688549518585205,1.173169493675232,-9.839729309082031,-0.24137219808510313,-0.36920131071030615,-10.675012572588171,1.1200249355474539,5.790941784418539,0.9067284548301789
1730865965.3832452,-1.7406500577926636,1.1670211553573608,-9.839791297912598,-0.2278880867096889,-0.3684064323345687,-10.683437923835704,1.1194688466011757,5.781212675418576,0.8668823596886615
1730865965.4331973,-1.7592371702194214,1.1434805393218994,-9.807424545288086,-0.2153634362396016,-0.36672482960717084,-10.689813898052382,1.1209707664186361,5.7844159226693845,0.9063840031582809
1730865965.4832108,-1.7919294834136963,1.1425443887710571,-9.786770820617676,-0.20445739116279238,-0.3644759356074082,-10.69387788256211,1.1206171678269898,5.7777623808353775,0.8662085020096135
1730865965.5332005,-1.8289555311203003,1.1339582204818726,-9.734051704406738,-0.19580375903283626,-0.3619511379866547,-10.695449298609063,1.1197634950186395,5.770186667130372,0.7992575257655102
1730865965.5832748,-1.906752586364746,1.1017496585845947,-9.722082138061523,-0.18999297918378388,-0.3593718944214632,-10.69439563731525,1.1213819570575705,5.764783204487284,0.9061524577465805
1730865965.6332035,-1.9440362453460693,1.0649313926696777,-9.711519241333008,-0.18757455267090223,-0.3568597194100134,-10.690616170958705,1.1208928230532709,5.756737806011739,0.8659463720665258
1730865965.6832056,-1.954621434211731,1.0486096143722534,-9.747272491455078,-0.18905535026301978,-0.3544060920432634,-10.684069105319036,1.1183643856210066,5.743250223889817,0.9060762264032226
1730865965.733109,-1.9300211668014526,1.0519165992736816,-9.785317420959473,-0.19484456231202696,-0.3518698850479465,-10.67484108662335,1.1165854916038376,5.731439709563429,0.8641252962406257
1730865965.7832572,-1.8917458057403564,1.0662336349487305,-9.863221168518066,-0.2051429890784507,-0.3490267292996707,-10.663233634660374,1.1144318539749554,5.7195066851207725,0.798903224419268
1730865965.8331983,-1.8917458057403564,1.0662336349487305,-9.863221168518066,-0.21983339530621854,-0.3456507524943071,-10.64982489921373,1.1116911932434448,5.706359480051318,0.705552508665328
1730865965.8331983,-1.8261340856552124,1.0515388250350952,-9.917787551879883,-0.23843073950066063,-0.3415806137978343,-10.635460268399578,1.1116667401220692,5.706249397543782,0.7046874783920966
1730865965.8832433,-1.7325536012649536,1.0188775062561035,-9.973783493041992,-0.26008340538828556,-0.3367347343511333,-10.6211769915615,1.1171003611929005,5.732314373515697,0.9062842929148422
1730865965.9331484,-1.6438817977905273,1.0134690999984741,-9.997303009033203,-0.28357746973366305,-0.3310824616556204,-10.60811605291294,1.115718523712006,5.727364615501777,0.8666574710292118
1730865965.9832146,-1.6068297624588013,1.0392526388168335,-10.010113716125488,-0.30736135794988434,-0.32461802682671537,-10.597430299566593,1.1149283064924747,5.70896488127378,0.9057616199758809
1730865966.0331244,-1.5930547714233398,1.1113393306732178,-9.983500480651855,-0.32965819745827063,-0.31738736944885554,-10.590162080838,1.1128670019273017,5.698162883290221,0.865964465958794
1730865966.0831685,-1.6152253150939941,1.2080261707305908,-9.939994812011719,-0.3486778627852242,-0.30957786021948386,-10.58709651809913,1.1130188676993142,5.69208729090443,0.9053058295793373
1730865966.1329873,-1.6628810167312622,1.2549554109573364,-9.904179573059082,-0.3628724351699739,-0.3016229797889304,-10.588625952276253,1.1107658778846412,5.681881269178689,0.8656834163989393
1730865966.183079,-1.7237470149993896,1.2498868703842163,-9.840123176574707,-0.37116970110174985,-0.29423161852628305,-10.594665529421086,1.107565373406253,5.670810783662052,0.7990081716154218
1730865966.232996,-1.7540323734283447,1.1959750652313232,-9.810408592224121,-0.37313120789018617,-0.2882768754377419,-10.60464124151039,1.1116995604876765,5.675833739711936,0.9052508339966899
1730865966.282932,-1.7761001586914062,1.1373709440231323,-9.77637004852295,-0.3689908690455434,-0.2845734856797585,-10.617551451344784,1.1129603878605752,5.654826881018627,0.9051046131923448
1730865966.3329697,-1.7739691734313965,1.080772876739502,-9.734260559082031,-0.3595657829862201,-0.28364663577113547,-10.632088697455396,1.1118113687476467,5.643675675867489,0.8652177398410633
1730865966.3838212,-1.7863746881484985,1.0190056562423706,-9.72805404663086,-0.3460818009476609,-0.28558361703887336,-10.646789699861008,1.1134701389906905,5.647931806268923,0.9038813535977349
1730865966.4338863,-1.7863746881484985,1.0190056562423706,-9.72805404663086,-0.3299775462517997,-0.29000380726066044,-10.660192774187898,1.1124923982139754,5.639485215937901,0.8632255981323462
1730865966.4338863,-1.763444423675537,0.9958710074424744,-9.702902793884277,-0.31272693404366514,-0.29614340384382176,-10.670991413869826,1.1124234086526128,5.6390528040835095,0.8605508246913066
1730865966.4838243,-1.7485802173614502,0.980993390083313,-9.72205638885498,-0.2956853253678689,-0.3030126933206385,-10.678153812758454,1.1107237084388362,5.630259876195945,0.7956308372923812
1730865966.5338418,-1.7739217281341553,0.9647471904754639,-9.749009132385254,-0.27997272515354077,-0.3095559601841259,-10.681000089189023,1.114279664351527,5.631693658069326,0.9040796690469832
1730865966.5839176,-1.776928424835205,1.0090956687927246,-9.792386054992676,-0.26642628616821495,-0.3147850804134675,-10.679260243315875,1.1134780135539828,5.625221353713561,0.8639417159102513
1730865966.6337254,-1.7719019651412964,1.0469619035720825,-9.85647201538086,-0.2556126346749238,-0.3179092566684837,-10.673115284264505,1.1152958804459923,5.609083080884162,0.9040187261354654
1730865966.6840096,-1.742720127105713,1.0767850875854492,-9.918389320373535,-0.24784609183964768,-0.31845780192042805,-10.663206620833005,1.1147580997026671,5.598245625764499,0.8635707062013196
1730865966.733826,-1.7308605909347534,1.0838773250579834,-9.983128547668457,-0.2431870958725374,-0.31634431282733955,-10.650603362459915,1.1164473778910788,5.604657666447116,0.9038753391731108
1730865966.7839155,-1.7244657278060913,1.1198302507400513,-10.016728401184082,-0.2414455325880912,-0.3118441453933482,-10.636717063928561,1.1160893857521492,5.598480089647203,0.8637232438846792
1730865966.8337839,-1.7244657278060913,1.1198302507400513,-10.016728401184082,-0.2422186800903285,-0.3055160339968538,-10.623155169591044,1.1172894653993488,5.582133817513118,0.9037999807544138
1730865966.8337839,-1.6922295093536377,1.1217204332351685,-10.01152515411377,-0.24495601234198283,-0.2981010205673449,-10.611521504427351,1.1172881911963641,5.582082637543004,0.9036403645938961
1730865966.8839517,-1.6949405670166016,1.091368556022644,-10.003122329711914,-0.24901976180943153,-0.2904032807090938,-10.603207164473371,1.1167629866632407,5.573203761462004,0.8637497664281908
1730865966.9338105,-1.6541407108306885,1.079060673713684,-9.937772750854492,-0.25373054062279865,-0.2831628508036845,-10.599220470737901,1.1184004848122455,5.559807312731104,0.9043793994207517
1730865966.9837117,-1.6971153020858765,1.0559735298156738,-9.882655143737793,-0.25841228307787,-0.2769503679518341,-10.60006388874701,1.1179618962422935,5.548496376393553,0.8648668181068988
1730865967.0336804,-1.7184339761734009,1.0200108289718628,-9.829143524169922,-0.26245972746661095,-0.27210507610537177,-10.605659903702321,1.12071082407063,5.550899415313402,0.9049067895968456
1730865967.0837424,-1.7796587944030762,0.9819168448448181,-9.78043270111084,-0.2654345741132066,-0.2687085602983058,-10.615354616783533,1.1209662388784685,5.541448112041851,0.8652330254612034
1730865967.1336548,-1.7767276763916016,0.9837790727615356,-9.749464988708496,-0.26715032950284373,-0.2665885475558506,-10.628009989635238,1.1205557271265858,5.531412768587511,0.7994350585136744
1730865967.1838517,-1.7815088033676147,1.03798508644104,-9.75819206237793,-0.26768832989824304,-0.2653798812229792,-10.64216656269318,1.121538886720389,5.533038710252361,0.9045853251688922
1730865967.2337184,-1.7815088033676147,1.03798508644104,-9.75819206237793,-0.26733327966200476,-0.2646527546158878,-10.65625332734679,1.1210116343292615,5.5260886579555795,0.8648736719768504
1730865967.2337184,-1.7619465589523315,1.1153185367584229,-9.77953052520752,-0.26647134014914287,-0.26405453185789185,-10.668804430751717,1.121006329467003,5.526043733622369,0.8645468318061548
1730865967.283684,-1.7306779623031616,1.2181533575057983,-9.794438362121582,-0.26548851710434185,-0.26342583169883305,-10.6786345280488,1.1198186167900137,5.518446855302844,0.7984120024591019
1730865967.3336196,-1.73723566532135,1.2622041702270508,-9.825244903564453,-0.26468454505080635,-0.2628966074878661,-10.684950769690964,1.1179504395746083,5.51009438695253,0.7046292218111285
1730865967.3837023,-1.7728885412216187,1.2536513805389404,-9.841352462768555,-0.26423586285312206,-0.26291337754460925,-10.687402032724272,1.1231156266711797,5.513270691647095,0.9049834056209795
1730865967.4336104,-1.7957485914230347,1.2329119443893433,-9.852080345153809,-0.26423195708838143,-0.2641305391444927,-10.686067871327667,1.122572243146812,5.506654093461147,0.865024050930719
1730865967.4835632,-1.8130037784576416,1.187165379524231,-9.869086265563965,-0.26474612421541033,-0.267204043865396,-10.681393738589069,1.1248948513801413,5.489619083691852,0.9047520770508493
1730865967.5335834,-1.8130037784576416,1.187165379524231,-9.869086265563965,-0.26587795105672596,-0.2725943320666187,-10.674092784548993,1.1245295667890027,5.4804288610224665,0.8649136583179002
1730865967.5335834,-1.8403993844985962,1.1168467998504639,-9.861696243286133,-0.2677514690217926,-0.2804483391958744,-10.66503364913503,1.1245242471301384,5.480356079986544,0.8645078454888904
1730865967.5836523,-1.8365612030029297,1.1099493503570557,-9.855596542358398,-0.270495499835465,-0.2905609392183761,-10.655123871820283,1.1288035269679388,5.466049228056828,0.904310948538422
1730865967.6335382,-1.8015090227127075,1.1125519275665283,-9.858222961425781,-0.27421587181228674,-0.3024022665150622,-10.645206701308574,1.1304250471512378,5.439906733291137,0.9038766784380713
1730865967.683565,-1.7416749000549316,1.0947171449661255,-9.853496551513672,-0.2789375832268112,-0.31521308180400265,-10.635992130100252,1.130765812895436,5.422787172870014,0.8638599196789171
1730865967.7336876,-1.707353949546814,1.0896289348602295,-9.870576858520508,-0.28452207180220324,-0.3281321863330091,-10.628025967042083,1.1303975338346595,5.4046812323828695,0.7965525497768308
1730865967.7836096,-1.6856294870376587,1.0882185697555542,-9.87708854675293,-0.2906156158870373,-0.3403049318716463,-10.621690322228133,1.129314648948149,5.385941119886168,0.7034372654857702
1730865967.833548,-1.6856732368469238,1.1131680011749268,-9.89499282836914,-0.2966755129952995,-0.3509709608906735,-10.617225492344513,1.1313641818723643,5.430622315943528,0.9036937226452869
1730865967.8835711,-1.6620116233825684,1.1451038122177124,-9.884458541870117,-0.3020602085958678,-0.3595486469355533,-10.614755422539101,1.1307777381122568,5.423502160899871,0.8636132063263546
1730865967.9334772,-1.6606212854385376,1.1801331043243408,-9.870457649230957,-0.30613108887291207,-0.3657117879373225,-10.614296936540736,1.1339105068638684,5.406310061252339,0.9030230432333607
1730865967.9834714,-1.653437852859497,1.1797866821289062,-9.851520538330078,-0.30833238068461355,-0.36943109433658544,-10.615747600776684,1.1338537357494394,5.394378709929058,0.8631783020548653
1730865968.0334425,-1.6758476495742798,1.1824043989181519,-9.821070671081543,-0.30825230506421003,-0.37095139460064197,-10.61886737877817,1.1330328579647255,5.381522292825836,0.7969943350300412
1730865968.0835173,-1.7237505912780762,1.1566532850265503,-9.81063461303711,-0.30568138584138954,-0.37070636477009344,-10.623273208668113,1.1314403237700996,5.367669423769646,0.703906106545609
1730865968.1334534,-1.7996176481246948,1.1426687240600586,-9.782665252685547,-0.30067874794937366,-0.3692039710164545,-10.628457271676115,1.1352766347618697,5.395584794796679,0.9027680512052877
1730865968.1835039,-1.8628112077713013,1.1092867851257324,-9.77823543548584,-0.2936361594047141,-0.36691846224211355,-10.633828540592395,1.134610557935461,5.390257984579632,0.862790847993249
1730865968.2334023,-1.8774480819702148,1.0935637950897217,-9.79169750213623,-0.2852948304358274,-0.36421138700250294,-10.638773443468981,1.136387797086185,5.372629451453611,0.9021902192321978
1730865968.2834685,-1.8534674644470215,1.108945369720459,-9.822172164916992,-0.27666173201100736,-0.36129810611314034,-10.642737944861125,1.1383192389387278,5.351504152834101,0.9017882740726233
1730865968.3333826,-1.7973651885986328,1.1064001321792603,-9.855999946594238,-0.2688198664122331,-0.35826993427264064,-10.645322228988013,1.1383592864455572,5.336883148159574,0.8615786649439965
1730865968.3833833,-1.749116063117981,1.0848197937011719,-9.900351524353027,-0.26269424186047946,-0.35514550271135403,-10.64636031869864,1.1377381775975535,5.321424835731408,0.7950273905368972
1730865968.4334073,-1.749116063117981,1.0848197937011719,-9.900351524353027,-0.25886917775524476,-0.35190418152235636,-10.64595555268696,1.1364573050490294,5.304959760472013,0.7012244961174792
1730865968.4334073,-1.6887575387954712,1.0780417919158936,-9.944061279296875,-0.2575201103979121,-0.34849727060034696,-10.644456616087616,1.136443011218694,5.3048096171585835,0.7002715484089238
1730865968.4834383,-1.660573959350586,1.0784896612167358,-9.943114280700684,-0.25843624838027224,-0.34486205150745997,-10.642389927550461,1.1390934452692083,5.338925242634188,0.9021151639731638
1730865968.5333052,-1.6808581352233887,1.0688133239746094,-9.9386625289917,-0.2610876876154894,-0.34094094789243334,-10.640373035777236,1.1398844042227438,5.314532212576515,0.9016242306419396
1730865968.5834394,-1.6925055980682373,1.0484857559204102,-9.91047477722168,-0.2647446810303746,-0.3366909021778589,-10.639011119742657,1.1393106781785802,5.302944087754193,0.8615114703594169
1730865968.6333168,-1.7340891361236572,1.0040960311889648,-9.874168395996094,-0.2686434230514543,-0.3320706319312867,-10.638783499469662,1.1419329544584182,5.308724362206492,0.9016777626924289
1730865968.6832635,-1.7513102293014526,0.9668171405792236,-9.831408500671387,-0.27214212527754,-0.32700448650290787,-10.639945668455859,1.1417928218415707,5.301852879664527,0.8619688535255162
1730865968.7332773,-1.7555934190750122,0.9132131338119507,-9.825553894042969,-0.27481779073608315,-0.3213402951895239,-10.642475495444158,1.1409623984160389,5.294095840843126,0.7950569323790236
1730865968.783267,-1.7511773109436035,0.8991687297821045,-9.808719635009766,-0.27648401755367114,-0.3148281817081523,-10.646087085070352,1.1427235382519725,5.2849239517244335,0.9016832701665056
1730865968.833155,-1.7669599056243896,0.9138646125793457,-9.811017036437988,-0.27714847847040924,-0.30714726913982404,-10.650306149484983,1.1421593255026847,5.275501281854448,0.8619784833954651
1730865968.8833268,-1.7647291421890259,0.9623916149139404,-9.817171096801758,-0.27695533932857763,-0.2979959167277263,-10.654572270842216,1.1409005538103436,5.2652780166990025,0.7954823132813796
1730865968.9331322,-1.774051547050476,0.9942019581794739,-9.836055755615234,-0.2761369584575645,-0.2872208490628293,-10.658341622287484,1.144375361306729,5.26514016532686,0.9016723738804254
1730865968.9830694,-1.7563841342926025,1.0308074951171875,-9.850176811218262,-0.2749692361100584,-0.27492245845427066,-10.661176631306649,1.1438663814914827,5.257203561589427,0.8619253224218879
1730865969.0331802,-1.7418923377990723,1.052126407623291,-9.863423347473145,-0.2737213331929419,-0.26148806472962377,-10.662807514813553,1.1426594183277263,5.24849879603367,0.7948213735532226
1730865969.0830772,-1.7634446620941162,1.1164103746414185,-9.859697341918945,-0.2726091976040259,-0.24755918466475077,-10.663152649945857,1.1407866790417003,5.2392659661608425,0.7019728623816134
1730865969.1331055,-1.7613576650619507,1.1499154567718506,-9.857751846313477,-0.27177978777136397,-0.23397281899358452,-10.66229588454481,1.145907590909474,5.242631393823386,0.9012965922921536
1730865969.1830616,-1.7668864727020264,1.152148723602295,-9.854114532470703,-0.2713270394521277,-0.22168908897414666,-10.660435327677218,1.1491768260907722,5.213513190350817,0.9011883551298503
1730865969.2330203,-1.7597706317901611,1.146106243133545,-9.849930763244629,-0.27130804558812116,-0.21168093591441878,-10.657827318501056,1.1494808086573267,5.200046375644332,0.8611730871049638
1730865969.2830868,-1.7832831144332886,1.1196283102035522,-9.831854820251465,-0.27174850268724504,-0.2047893136375395,-10.654738309297297,1.1503331513301367,5.190589354881715,0.9009321394419505
1730865969.3329446,-1.7911642789840698,1.0579688549041748,-9.824539184570312,-0.27265435081173406,-0.2015811431893884,-10.651403708772307,1.1501866264228817,5.17729815424465,0.8609459124416952
1730865969.3830001,-1.793712854385376,1.0126854181289673,-9.833224296569824,-0.27403144889826647,-0.20223568261419556,-10.648000394835181,1.1547247386973134,5.17591373401318,0.8966397650819324
1730865969.432937,-1.7517714500427246,1.0202561616897583,-9.849518775939941,-0.27588616629021345,-0.20649255715735906,-10.644649390801522,1.1553618154692527,5.166527046925065,0.8552840119895078
1730865969.4829564,-1.7155946493148804,1.0792349576950073,-9.881749153137207,-0.2781845691934235,-0.21371557469085917,-10.641450485118703,1.1573869463619875,5.155740983087505,0.893452855668116
1730865969.532836,-1.6973638534545898,1.1483683586120605,-9.885079383850098,-0.2807920982715817,-0.2230809438673813,-10.63852642186055,1.1578770695024019,5.144755539443951,0.852082569707819
1730865969.5827827,-1.6990910768508911,1.1914793252944946,-9.90003490447998,-0.28344880318058613,-0.23380991322234604,-10.636045454208396,1.157664542137909,5.133168537742235,0.7840479051039492
1730865969.6338701,-1.7048535346984863,1.1952179670333862,-9.894710540771484,-0.2858086989251686,-0.24533075041221067,-10.63420868629446,1.1567090786535503,5.120676435043169,0.6867819478990441
1730865969.6838133,-1.7279154062271118,1.140415906906128,-9.889106750488281,-0.2875207176573747,-0.25730095959612,-10.633213312980667,1.155052920171936,5.107858121754155,0.5650502821434492
1730865969.7338028,-1.727390170097351,1.0967813730239868,-9.850716590881348,-0.28831085286690716,-0.2695021938114556,-10.633203352271117,1.1591965591055375,5.149545198160183,0.8885632983127719
1730865969.7837937,-1.7448590993881226,1.0502889156341553,-9.854978561401367,-0.28803490917351043,-0.2816902253201698,-10.634217935418997,1.158675710532783,5.145827016601935,0.847794314140181
1730865969.8337355,-1.7205950021743774,1.0371060371398926,-9.837763786315918,-0.2866885385040683,-0.2934950038076809,-10.636163245022244,1.162594287306944,5.131551347490484,0.8814540344186171
1730865969.8838043,-1.7044275999069214,1.004769206047058,-9.838481903076172,-0.2843747770520817,-0.30440995358203077,-10.638825477194988,1.1628755360929153,5.123336050986169,0.8386183686842861
1730865969.9337204,-1.6762114763259888,1.0011883974075317,-9.852025985717773,-0.2812416573468084,-0.31384604280111733,-10.641913451802829,1.1624514565242847,5.1143981553229,0.7695487620845571
1730865969.9836867,-1.6579885482788086,0.9812003374099731,-9.872231483459473,-0.2774183622309405,-0.3212098344478577,-10.645118539999,1.1613275329275914,5.104625648778611,0.6735678313405418
1730865970.0337353,-1.6788157224655151,1.0039273500442505,-9.869159698486328,-0.272982352231834,-0.3259837959295658,-10.648178104480483,1.1654496592701038,5.112940918725772,0.8775557746791715
1730865970.0836577,-1.7302862405776978,0.9892690777778625,-9.866273880004883,-0.26798354103967026,-0.3278002933233065,-10.65091239305846,1.1652242808897537,5.10689662172892,0.8365079793632494
1730865970.1336935,-1.7561147212982178,1.0005706548690796,-9.84821891784668,-0.2625212762590963,-0.3264933184394915,-10.653218785524286,1.1668423418393337,5.095423725417459,0.8746814790359657
1730865970.1836424,-1.7561147212982178,1.0005706548690796,-9.84821891784668,-0.25681386267102313,-0.3221143679859643,-10.655040470555141,1.1626568908772403,5.075964238384693,0.8715015667352033
1730865970.1836424,-1.7367112636566162,1.0267400741577148,-9.844929695129395,-0.2511944693415219,-0.31492276617423964,-10.656338951952756,1.162645693851568,5.075895752449008,0.8713597655195144
1730865970.2335315,-1.7292639017105103,1.0034098625183105,-9.847564697265625,-0.24603526027157266,-0.30536185446794073,-10.657086284049923,1.1600679257298097,5.061622943509957,0.8293231762059167
1730865970.283596,-1.7082710266113281,1.0320013761520386,-9.856908798217773,-0.2416559134596424,-0.2940146808862634,-10.657273098174198,1.1568804975320242,5.046584015499464,0.7607485879871252
1730865970.3336132,-1.7297741174697876,1.0265306234359741,-9.872505187988281,-0.23826516449541163,-0.2815462163376862,-10.656924344631864,1.1530465186621093,5.030632437281299,0.6643518479081202
1730865970.3835676,-1.73284912109375,1.026072382926941,-9.879054069519043,-0.23595389455415564,-0.26864900692899296,-10.656116489508873,1.1620063973502384,5.069881153972272,0.8738532997623395
1730865970.4335475,-1.7507237195968628,1.0402652025222778,-9.899032592773438,-0.23472830169379238,-0.2559922018501606,-10.654986691851352,1.1606230191379856,5.064684993673976,0.8341282010767916
1730865970.4835615,-1.7441734075546265,1.067531943321228,-9.886956214904785,-0.23454945460254167,-0.24418303287916876,-10.653726447901429,1.1586512346120121,5.058856729421823,0.7677158706458443
1730865970.5335526,-1.7646288871765137,1.0706843137741089,-9.89332103729248,-0.23535629012900647,-0.23375430992302207,-10.652556263674265,1.1660718189217902,5.054951487317739,0.8733609724905133
1730865970.583584,-1.8092890977859497,1.0768513679504395,-9.85693645477295,-0.23708411255525785,-0.22515883007222104,-10.651682858584682,1.1659510314697197,5.050031609259386,0.8337066457434363
1730865970.6335008,-1.8092890977859497,1.0768513679504395,-9.85693645477295,-0.23969603744411347,-0.2187488250794441,-10.651249172751896,1.1652351277365056,5.044497835252683,0.767036236797815
1730865970.6335008,-1.8451093435287476,1.0780317783355713,-9.835271835327148,-0.24320869290769292,-0.21474917917897468,-10.651296763219008,1.165228374281092,5.044459301525803,0.7665049389394207
1730865970.6835158,-1.8778879642486572,1.068177342414856,-9.794242858886719,-0.24769485708267863,-0.21323934286129728,-10.651750886165992,1.168045481553791,5.0387759005576465,0.8738361676152668
1730865970.7335863,-1.8792659044265747,1.0619271993637085,-9.761591911315918,-0.2532754613444431,-0.2141458845248624,-10.652413356584368,1.1678689867597662,5.032360423489021,0.8339129740986511
1730865970.7835293,-1.8781741857528687,1.0342954397201538,-9.767451286315918,-0.2600947001053233,-0.2172425194969755,-10.65296449867062,1.1720574902994143,5.019053279821449,0.8740667874402419
1730865970.8334446,-1.8452465534210205,1.0448501110076904,-9.792409896850586,-0.2682620685203941,-0.22215960608427798,-10.653010287114036,1.1800361075169548,5.004914783189617,0.8742150197004965
1730865970.8834481,-1.7909832000732422,1.0523160696029663,-9.833215713500977,-0.27777122760750483,-0.22841766658338328,-10.652185481584056,1.1829972466257404,4.994258762204516,0.8344630153285014
1730865970.9334626,-1.7380390167236328,1.0403714179992676,-9.891928672790527,-0.2884168095113435,-0.23548824711004165,-10.65027572278106,1.1852568389486593,4.982994578597877,0.7679310146814914
1730865970.9834626,-1.6841381788253784,1.027842402458191,-9.939653396606445,-0.29973781344949096,-0.24284988310688835,-10.647314757104311,1.1867774880843005,4.971145597897413,0.6748240900375456
1730865971.0333781,-1.598343849182129,1.0370818376541138,-9.97574520111084,-0.31100880089253424,-0.2500172527740375,-10.643625853819358,1.1836553502559957,4.9971013016069294,0.8743014356734667
1730865971.083417,-1.5712602138519287,1.0332560539245605,-9.993497848510742,-0.3212752961367396,-0.25656282433988103,-10.639790055589174,1.1841183570180254,4.992388357638156,0.8345513352362608
1730865971.133399,-1.550557255744934,1.039259433746338,-9.944525718688965,-0.32943915931644613,-0.2621440971102416,-10.636539837366723,1.184781087876851,4.97945168322488,0.8745383437172668
1730865971.1834455,-1.5575945377349854,1.0153611898422241,-9.915091514587402,-0.3344036385737838,-0.2665205532137556,-10.634592313902857,1.1845303719715436,4.970845213034488,0.8346654980576578
1730865971.233443,-1.6128383874893188,0.9890211224555969,-9.859123229980469,-0.3352534207086151,-0.2695422505085644,-10.634468964777984,1.1834421456938522,4.96157209937145,0.7682067451960454
1730865971.283348,-1.6128383874893188,0.9890211224555969,-9.859123229980469,-0.33142402380112057,-0.2711159345633435,-10.63637290323689,1.1815267811427934,4.951651814097935,0.6754470445169934
1730865971.283348,-1.700724482536316,0.9786924719810486,-9.800239562988281,-0.32281548320398895,-0.2711807762492313,-10.640160437842836,1.1815137175956476,4.951594287227882,0.6748523339230725
1730865971.3333108,-1.7688379287719727,1.0146944522857666,-9.755945205688477,-0.30984057939650866,-0.26971747084231734,-10.645377280407033,1.1860550816001363,4.970152667255304,0.8746271584113504
1730865971.3833656,-1.7688379287719727,1.0146944522857666,-9.755945205688477,-0.29341543756413824,-0.266783820723649,-10.651319275055505,1.1885422281014109,4.951481384088006,0.874138760604345
1730865971.3833656,-1.8208271265029907,1.02140212059021,-9.763900756835938,-0.27486374665488966,-0.2625463646330152,-10.657130538551094,1.1885442639633945,4.951432279521795,0.8739934587560981
1730865971.433279,-1.8217395544052124,1.0340009927749634,-9.765320777893066,-0.25574113479073846,-0.2572798435598262,-10.661947071605749,1.1886004560492123,4.942104411332245,0.8341130164767252
1730865971.48329,-1.782911777496338,1.0537012815475464,-9.80487060546875,-0.23763475393226857,-0.25134321347977606,-10.665040466792734,1.190409570527242,4.9379227776830685,0.8739397847165264
1730865971.5332751,-1.7525897026062012,1.0612386465072632,-9.85537052154541,-0.22195680994549602,-0.24515511021447273,-10.665931761258456,1.1906454008993281,4.928614559950355,0.8337885773306758
1730865971.5832372,-1.7406247854232788,1.1116029024124146,-9.87990665435791,-0.20976048902986955,-0.23917387858548012,-10.66447348537634,1.1903424490979069,4.918727837127506,0.7671583745355937
1730865971.633259,-1.770524501800537,1.115897536277771,-9.90289306640625,-0.20164886346914956,-0.23388376998935312,-10.660875061273654,1.1895214724508356,4.908192637962683,0.673393001499906
1730865971.683197,-1.7900440692901611,1.1545110940933228,-9.899785995483398,-0.1978063899686299,-0.22978077520760556,-10.655649538250795,1.192652559582161,4.9293159124398365,0.8741894604968096
1730865971.7331789,-1.8505797386169434,1.163799524307251,-9.896068572998047,-0.1981127169431007,-0.22734603846727458,-10.649500173352457,1.194434701634866,4.912114401891515,0.873995660933706
1730865971.783353,-1.8505797386169434,1.163799524307251,-9.896068572998047,-0.20227453968029424,-0.2270066382390217,-10.643187543927478,1.1945678155035995,4.903830207411062,0.8337652784777845
1730865971.783353,-1.8653908967971802,1.1624170541763306,-9.862640380859375,-0.2099191325146929,-0.22908511641940216,-10.63741116342263,1.194567147841804,4.903783785041206,0.8334743574414993
1730865971.8332534,-1.84821355342865,1.119704008102417,-9.858514785766602,-0.22062411633970444,-0.23374142124083336,-10.63271765715581,1.1941724239055567,4.895025011368042,0.7672407248546214
1730865971.8832345,-1.8270213603973389,1.114829421043396,-9.805334091186523,-0.23390163099837236,-0.24091981813625624,-10.629436754322507,1.193209712967096,4.885615030661141,0.6741076094939543
1730865971.9334147,-1.793975830078125,1.0453251600265503,-9.822367668151855,-0.24916759407794942,-0.25031581994427543,-10.627651786183787,1.1967587862608258,4.9015928354911775,0.8741509764965693
1730865971.9832606,-1.7209333181381226,1.0137131214141846,-9.828447341918945,-0.2657108129235668,-0.26136806377305494,-10.6272219153932,1.1964722258397542,4.896996749516834,0.8343909473620452
1730865972.0332992,-1.6012029647827148,0.9719731211662292,-9.870986938476562,-0.28265447788006176,-0.27327656411779533,-10.627866125934958,1.1998333228270892,4.882847772332413,0.8745892704790987
1730865972.0832047,-1.5673483610153198,0.9927900433540344,-9.874567985534668,-0.2989144267271694,-0.28506829401462286,-10.62927682180661,1.2001404901741386,4.873631545433485,0.8350162209823417
1730865972.133241,-1.5673483610153198,0.9927900433540344,-9.874567985534668,-0.31322300631105204,-0.2957237363103493,-10.63120344165903,1.202142070016204,4.868887146016824,0.8745574428657049
1730865972.133241,-1.5617990493774414,1.0194441080093384,-9.915316581726074,-0.3242749593271015,-0.3043321368134271,-10.633481463111288,1.2021448868718434,4.868841977894495,0.8744170235016208
1730865972.1831715,-1.576568603515625,1.0584110021591187,-9.886327743530273,-0.33093519212596584,-0.3102263483783018,-10.636031102976746,1.2022703064001685,4.859961387120434,0.8349788329401224
1730865972.2332606,-1.631142258644104,1.0728533267974854,-9.91388988494873,-0.3324174073417916,-0.31307211770049037,-10.638841055038364,1.2015679794411651,4.8501331738893585,0.7681736056990056
1730865972.283102,-1.7173388004302979,1.079965353012085,-9.86382007598877,-0.3284185200456865,-0.3128950517827941,-10.64193157524797,1.2028398232247903,4.857609823338296,0.874758186921401
1730865972.3331964,-1.82231605052948,1.1077828407287598,-9.826631546020508,-0.31922240865296353,-0.31003928156727056,-10.645296484538214,1.2020651994776057,4.852198361047739,0.8346335315224284
1730865972.383157,-1.8533849716186523,1.1184059381484985,-9.800682067871094,-0.3057423935258073,-0.3050894314543585,-10.648834385282981,1.2082763897619924,4.838708259305825,0.8748224356019273
1730865972.4330823,-1.8954871892929077,1.0949914455413818,-9.761144638061523,-0.28944390176554846,-0.2987816088328953,-10.652303391877178,1.2092244523454758,4.8293947579998,0.834967227426246
1730865972.4830406,-1.8989217281341553,1.0262970924377441,-9.779446601867676,-0.27214203280879845,-0.2918853653139948,-10.65533062100342,1.2094693452762113,4.819399171065213,0.7688572741552064
1730865972.5331557,-1.8536771535873413,1.0082930326461792,-9.78778076171875,-0.2557334955386342,-0.2850546045927612,-10.657479178727588,1.2090502555712608,4.808538994176761,0.674905812231498
1730865972.5831227,-1.783974289894104,1.004658818244934,-9.84261703491211,-0.2419125494470293,-0.2787132594056866,-10.658357894625915,1.2098607011912077,4.828292662885777,0.8748078980405979
1730865972.6330674,-1.783974289894104,1.004658818244934,-9.84261703491211,-0.23192120099791946,-0.2730398327256053,-10.657734687322824,1.2149516142992618,4.799434210051285,0.8745253066966349
1730865972.6330674,-1.7528783082962036,1.0574264526367188,-9.855023384094238,-0.22641572596595894,-0.26803886519444475,-10.6555993485993,1.2149673350919683,4.799322365609569,0.8743658582023311
1730865972.6830595,-1.7219197750091553,1.080628514289856,-9.910914421081543,-0.22547299140328064,-0.2636527926270522,-10.652160259085859,1.2166709091367596,4.789903824748817,0.8807016678098104
1730865972.7331333,-1.7219197750091553,1.080628514289856,-9.910914421081543,-0.22867601490287,-0.2598633547829007,-10.647813983068797,1.218209054715804,4.77552691169333,0.8436161692098094
1730865972.7331333,-1.704637885093689,1.1132997274398804,-9.919187545776367,-0.23523540482967914,-0.25673451927803986,-10.643102370056035,1.2182172958291688,4.7754297962809,0.8432820714892026
1730865972.7830756,-1.704637885093689,1.1132997274398804,-9.919187545776367,-0.24413314057715357,-0.25440239529946773,-10.638636190500982,1.2191471369199562,4.76060594367046,0.7802270009103763
1730865972.7830756,-1.6880874633789062,1.1303209066390991,-9.951221466064453,-0.2542617931277721,-0.2530476397673675,-10.635007058923012,1.2191505842395678,4.7605229308348695,0.7798092509923551
1730865972.8330402,-1.6880874633789062,1.1303209066390991,-9.951221466064453,-0.2645378876823097,-0.25286125485489797,-10.63273026947193,1.219452841180993,4.744988342539751,0.6899630895682779
1730865972.8330402,-1.6892642974853516,1.1353075504302979,-9.929433822631836,-0.27398903260755636,-0.2540072363880787,-10.632211293526698,1.2194526891328497,4.744901199648863,0.6893962227354485
1730865972.8830557,-1.6928538084030151,1.1137971878051758,-9.93874454498291,-0.28182131408388067,-0.25658657149027175,-10.633706598123702,1.2190763250083962,4.728791151865028,0.5735026762755531
1730865972.9329422,-1.7044410705566406,1.0738990306854248,-9.894899368286133,-0.2874673992915695,-0.26059613355981803,-10.637285462184112,1.2173197990844729,4.786975158591649,0.8812958236592674
1730865972.9829872,-1.7288248538970947,1.0470776557922363,-9.854463577270508,-0.29061459644641574,-0.26588133309959294,-10.642804523012034,1.216717320616861,4.783488922924935,0.841983479327941
1730865973.0330038,-1.782965898513794,1.0143132209777832,-9.822835922241211,-0.2912227355825796,-0.27210497517949955,-10.649889643505949,1.2153856504504095,4.7793259825520416,0.7759713872544468
1730865973.082945,-1.8363450765609741,1.0109021663665771,-9.767317771911621,-0.2895423740732679,-0.2787595221289921,-10.657938479749486,1.2196273793681915,4.770489878363921,0.8848827011945097
1730865973.132889,-1.8869452476501465,0.9894759058952332,-9.760782241821289,-0.2861229172400224,-0.28522529848473527,-10.666160609434558,1.2193387002104532,4.764074672088416,0.8462275802600779
1730865973.1829495,-1.8473352193832397,1.0347927808761597,-9.739604949951172,-0.28177059382806596,-0.2908598530281845,-10.67365726633599,1.2183398853109149,4.756925339930874,0.7808249720597723
1730865973.232936,-1.816389560699463,1.0465000867843628,-9.774761199951172,-0.27741533666339147,-0.29510655572974476,-10.67953763910095,1.2215378693175079,4.757799977705987,0.8871995269857424
1730865973.2828844,-1.783855676651001,1.0769073963165283,-9.79489803314209,-0.2739125887876142,-0.2975985146398983,-10.683055586364508,1.2239710566532591,4.741595084290873,0.8909360778061166
1730865973.3328242,-1.7646828889846802,1.053520679473877,-9.82564926147461,-0.2718739733708317,-0.2982126759908602,-10.683733919873523,1.2240689860922038,4.73298916070351,0.8525999152266844
1730865973.3828576,-1.7351040840148926,1.0145779848098755,-9.854711532592773,-0.2715885022085937,-0.29704163855719834,-10.681439659025624,1.2234878488143728,4.72363940811316,0.7875673317089387
1730865973.432912,-1.7351040840148926,1.0145779848098755,-9.854711532592773,-0.2730252684980433,-0.29430039873100694,-10.67639162351373,1.2222209939812165,4.713516790933359,0.6955062350406821
1730865973.432912,-1.683071255683899,0.9749651551246643,-9.900102615356445,-0.275884445143728,-0.29023002366163425,-10.669108739947207,1.2222114553298045,4.713454700413076,0.6948816697967611
1730865973.4828544,-1.6453770399093628,0.9578630328178406,-9.910890579223633,-0.27965755219740507,-0.2850377223752343,-10.66033022104785,1.2202694005344665,4.702715369613666,0.5771993126490402
1730865973.532847,-1.649688720703125,0.9565423130989075,-9.945751190185547,-0.28368090891413833,-0.27886909053593567,-10.650934972955973,1.2175842920109043,4.69108772097838,0.4306816724673911
1730865973.5828483,-1.6442580223083496,0.9954084157943726,-9.940225601196289,-0.28721255553223174,-0.2718208231625371,-10.641859150926201,1.2252045153122169,4.728545095603948,0.889238064771946
1730865973.632834,-1.6689367294311523,1.0497392416000366,-9.937795639038086,-0.2895455799941086,-0.26400791189157047,-10.63400202125233,1.2244925338487853,4.724405059289572,0.8495755333683079
1730865973.682793,-1.6859419345855713,1.0834542512893677,-9.915569305419922,-0.29012398011283885,-0.255657272434715,-10.628123588924844,1.2287439341153557,4.716338377789774,0.8888917638216176
1730865973.7328548,-1.71327543258667,1.1262437105178833,-9.893120765686035,-0.28862920104971634,-0.24717000756034144,-10.624751822484756,1.2287671152275983,4.710988947004752,0.8486344533339472
1730865973.782775,-1.7269731760025024,1.1472166776657104,-9.872698783874512,-0.2850221705567545,-0.23911897426116524,-10.624121094668109,1.2280747017716573,4.705094398157251,0.7823426613419955
1730865973.8327966,-1.735066294670105,1.1401067972183228,-9.833118438720703,-0.2795337800473072,-0.23218646750913619,-10.62615203098492,1.2292728679434313,4.695568458650757,0.88916819153568
1730865973.8827624,-1.717958927154541,1.1496965885162354,-9.815305709838867,-0.27260573051365516,-0.2270604481777651,-10.630468397750722,1.2286530465703056,4.688135097562242,0.8492283953258981
1730865973.9327734,-1.6673269271850586,1.18075430393219,-9.812365531921387,-0.26478730068274403,-0.22433007898147,-10.636449561198534,1.2316670552542062,4.684092733449398,0.8897798766104047
1730865973.9827108,-1.718985915184021,1.200554609298706,-9.816550254821777,-0.2566177662358437,-0.22442964851120736,-10.643323806189235,1.2316874642634412,4.67682568002684,0.8503349998889996
1730865974.032757,-1.777178168296814,1.1863377094268799,-9.796299934387207,-0.2485711779777538,-0.22762649465230858,-10.650282713894885,1.2328279446807615,4.672774777133161,0.8896888508451695
1730865974.0837018,-1.8267006874084473,1.1075407266616821,-9.833602905273438,-0.24110295649023863,-0.23399466846681516,-10.656580984791265,1.2326332293669986,4.665656993092557,0.8487943547431465
1730865974.1328225,-1.8129234313964844,1.0744457244873047,-9.833734512329102,-0.23471682631051596,-0.24334343020916765,-10.661616241579127,1.2318519763472349,4.658137671937425,0.7824933087343511
1730865974.1827915,-1.7848941087722778,1.034195899963379,-9.854951858520508,-0.22994541422297338,-0.2551527965954558,-10.664991512519048,1.230497608089833,4.649990374671122,0.6898279827012354
1730865974.2327878,-1.7069191932678223,1.0519814491271973,-9.866008758544922,-0.2272316373735036,-0.268593694683323,-10.66654400904548,1.2346612689395002,4.66003277504243,0.889946733187094
1730865974.2827125,-1.7330290079116821,1.0380792617797852,-9.891645431518555,-0.22678745622081117,-0.2826443605667067,-10.66633864321526,1.2343551155163464,4.654955747572079,0.849915698793401
1730865974.333654,-1.723747968673706,1.0607243776321411,-9.90710735321045,-0.22853335052163626,-0.29624888356896484,-10.664642067960061,1.2358562533430528,4.642396331141886,0.8896361467846522
1730865974.383695,-1.723747968673706,1.0607243776321411,-9.90710735321045,-0.23214949790164535,-0.3084602009492858,-10.661880355164623,1.235523228928524,4.634501657313432,0.8488793461843799
1730865974.383695,-1.6333900690078735,1.1029419898986816,-9.92292594909668,-0.23715590004580298,-0.3185455350959818,-10.658576796561618,1.235519524736317,4.634452834066369,0.8485592361086278
1730865974.4336932,-1.7185343503952026,1.0912126302719116,-9.885492324829102,-0.24295704801902127,-0.32605256602373717,-10.655275536619284,1.2346046475056414,4.625921354684575,0.7821757685021044
1730865974.4835937,-1.7632367610931396,1.0811116695404053,-9.884361267089844,-0.2489148350520921,-0.3308216516921596,-10.652458739120842,1.2376390733455704,4.630361363555449,0.889720877159285
1730865974.533778,-1.7660847902297974,1.066494345664978,-9.817702293395996,-0.25449217816605224,-0.3329339617315634,-10.65046565736262,1.2372469685201097,4.624700466267633,0.8495737000728816
1730865974.583637,-1.76335608959198,1.0730304718017578,-9.786660194396973,-0.25936232313616375,-0.33262912761676355,-10.649424297675822,1.238899899755615,4.612859790687439,0.8894638621102751
1730865974.6336203,-1.755035638809204,1.0663394927978516,-9.755593299865723,-0.2634031279456477,-0.33023992495967086,-10.649212112941266,1.2385491307004837,4.604170363678939,0.8496587575800956
1730865974.683558,-1.7797462940216064,1.05051851272583,-9.727736473083496,-0.2666325501572841,-0.3261502676030713,-10.649469275320671,1.2398073854753797,4.598187652407142,0.8896329191951465
1730865974.7336075,-1.7905184030532837,1.0506978034973145,-9.733460426330566,-0.2691605938178972,-0.32075744545692886,-10.649667011979428,1.2393466495142196,4.589192588831897,0.8497718691305531
1730865974.7834837,-1.7196898460388184,1.0897799730300903,-9.776664733886719,-0.2711559429684103,-0.31444644863827625,-10.649218580414264,1.2398165679616469,4.578948390029188,0.8895766447066552
1730865974.8335426,-1.7713710069656372,1.1019127368927002,-9.835098266601562,-0.2727904192308065,-0.3076000630447827,-10.647626083105827,1.2389540921299145,4.570147874774126,0.8496012847792215
1730865974.8835092,-1.8028919696807861,1.1387075185775757,-9.852670669555664,-0.2741987802782884,-0.30063047801044346,-10.64462545190727,1.236606768662728,4.557051768374896,0.8892582261808224
1730865974.9336016,-1.8285831212997437,1.182466745376587,-9.922863006591797,-0.2755115466440103,-0.2940009468472592,-10.640268544371141,1.2345395542707236,4.545842469709083,0.849347548484101
1730865974.9834633,-1.8285831212997437,1.182466745376587,-9.922863006591797,-0.2769097410870839,-0.28822789443727226,-10.634923994542412,1.231782050716222,4.5338895160849955,0.782922994404695
1730865974.9834633,-1.8077365159988403,1.2220063209533691,-9.935257911682129,-0.278622229365575,-0.2838554106043938,-10.629210263371645,1.231768960263961,4.533837579290687,0.7825867734734264
1730865975.0335941,-1.8268399238586426,1.19771409034729,-9.958266258239746,-0.2808705528498581,-0.2814008509677244,-10.623879004321411,1.2283114939767656,4.521162207934819,0.6895165285289983
1730865975.0834959,-1.7553056478500366,1.1827597618103027,-9.942646980285645,-0.28380619938692614,-0.28128179184136604,-10.619689876842223,1.2241539614397445,4.507796513228558,0.5700800494909753
1730865975.1334362,-1.7702215909957886,1.131227731704712,-9.93575382232666,-0.28745713064992173,-0.28372942904058973,-10.617303787627902,1.2344822058818665,4.544878955718522,0.8893568238328463
1730865975.1834197,-1.7350672483444214,1.0756663084030151,-9.8892240524292,-0.2916957416557141,-0.28870386545707105,-10.61718804841929,1.2328272926602104,4.539799313914688,0.8492782045293926
1730865975.2334309,-1.6980245113372803,1.014807939529419,-9.849322319030762,-0.296244138757382,-0.29583631790371767,-10.619534221536169,1.2362719834787075,4.520271943355296,0.8890664308343289
1730865975.2833824,-1.6980245113372803,1.014807939529419,-9.849322319030762,-0.3007012931168973,-0.30442736607886306,-10.62421199990347,1.2355975340558267,4.508923792376661,0.8490481325095961
1730865975.2833824,-1.74787175655365,0.9247363805770874,-9.83838939666748,-0.30459706744809023,-0.3135172260497806,-10.630792877493247,1.2355931360570451,4.508874834470724,0.8488251927144743
1730865975.3333728,-1.7218077182769775,0.9190731048583984,-9.835184097290039,-0.30749207954497737,-0.3219926697069201,-10.638641512801932,1.2373691806996718,4.50195662972629,0.8890508062974289
1730865975.3833628,-1.710154414176941,0.9689270853996277,-9.809120178222656,-0.3090661472472552,-0.32870991389576076,-10.647023429199397,1.2367675191545255,4.4905123487910386,0.8489543645784698
1730865975.4333987,-1.6837084293365479,0.9878154993057251,-9.841340065002441,-0.30913058737947074,-0.3326643832060806,-10.655194331448147,1.2381946405919795,4.4937792746581575,0.8886732610027314
1730865975.483403,-1.650559425354004,1.0081390142440796,-9.836055755615234,-0.3075863537143192,-0.3331709225281986,-10.66248129656767,1.2374214532828296,4.4875152822127555,0.8487663460098407
1730865975.5333564,-1.6746716499328613,1.0141290426254272,-9.857386589050293,-0.3043837105459436,-0.32996022077132026,-10.668359239562125,1.2483557955056732,4.478309345869628,0.8884316869320694
1730865975.5833364,-1.6851810216903687,1.004333734512329,-9.852632522583008,-0.29952186615568055,-0.3231668361490348,-10.672499053255173,1.256616604299188,4.47325370920086,0.8887958848618409
1730865975.6333683,-1.5812643766403198,1.044628381729126,-9.859695434570312,-0.2930688470658323,-0.3132525763619225,-10.674774935335094,1.2607481687183724,4.466644129908093,0.8486722831360012
1730865975.683324,-1.7228114604949951,1.0327458381652832,-9.875347137451172,-0.28515298598672245,-0.30091723186264746,-10.675243161711583,1.2641278813246677,4.459316466402513,0.782199750939878
1730865975.7333395,-1.8088876008987427,1.0366780757904053,-9.752493858337402,-0.2759914771753428,-0.28701241990550375,-10.674090636546467,1.266824838204396,4.451204057019964,0.6885038569440368
1730865975.7832942,-1.8492463827133179,1.0879586935043335,-9.823813438415527,-0.26601401639170597,-0.272454673185588,-10.671541224733986,1.2566586939160485,4.458685310597008,0.888399822400409
1730865975.8332365,-1.8476037979125977,1.0733569860458374,-9.768607139587402,-0.2559416021807725,-0.258158999830708,-10.667776819071634,1.2568649493158957,4.453133418440604,0.8486192991962028
1730865975.8832293,-1.7965223789215088,1.0459142923355103,-9.815152168273926,-0.24669097301702758,-0.24498306214523763,-10.662936326179203,1.2616994710669205,4.439377858046849,0.8880234860081472
1730865975.933179,-1.7969716787338257,1.0425485372543335,-9.871280670166016,-0.23916481066101417,-0.23364417697407483,-10.65716996152593,1.2655640004728244,4.435174893606876,0.8880776135809352
1730865975.9832678,-1.7303887605667114,1.079399585723877,-9.879664421081543,-0.23405325085808631,-0.22464533106509735,-10.65071335812389,1.2667549239823086,4.429921754105046,0.847820223512133
1730865976.0331671,-1.6776671409606934,1.154143214225769,-9.950304985046387,-0.23170357356451712,-0.2182844953031607,-10.643945643051033,1.2673529456558945,4.424183415926323,0.7816226698004961
1730865976.0831647,-1.6643404960632324,1.210000991821289,-9.945380210876465,-0.23205730511627753,-0.21474975022727372,-10.63739581165666,1.2665776917929015,4.416377446109403,0.8877304178566241
1730865976.1330926,-1.6949403285980225,1.204162359237671,-9.977410316467285,-0.23467871828159675,-0.2142181350511734,-10.631698953806985,1.2665698852946858,4.40903935900802,0.8477405918607215
1730865976.1830785,-1.715383529663086,1.1504161357879639,-9.959513664245605,-0.23889239232366952,-0.21686022610444589,-10.62751411733055,1.2691760009624506,4.396712241266677,0.8876041390967335
1730865976.2331274,-1.7309974431991577,1.0735752582550049,-9.935346603393555,-0.24396699870003713,-0.2227260767505696,-10.625419186292763,1.2714161793972176,4.391872705312733,0.8827610520603811
1730865976.2831085,-1.751832365989685,1.0295008420944214,-9.867960929870605,-0.2492596157427036,-0.23158913143858043,-10.625796725970755,1.2720169372479262,4.384789123845146,0.84085867360283
1730865976.333172,-1.7894331216812134,1.0231446027755737,-9.804779052734375,-0.2542973801574334,-0.24286264767286092,-10.628722485752574,1.271988788023321,4.3770790493184215,0.772113257895433
1730865976.3830342,-1.7807178497314453,0.9962002635002136,-9.770801544189453,-0.25881363023276116,-0.2556453247790395,-10.633891900390294,1.2724687625068936,4.378373344737913,0.881222028566089
1730865976.4331918,-1.7807178497314453,0.9962002635002136,-9.770801544189453,-0.26273671772003077,-0.2688545566838359,-10.640635140183274,1.272084422169677,4.372889544397223,0.8404195430681242
1730865976.4331918,-1.7861945629119873,0.9779112339019775,-9.746031761169434,-0.26613297629261123,-0.2813732709500648,-10.648031969875401,1.2720800012064017,4.3728535611943995,0.8400845414677762
1730865976.4830334,-1.7849152088165283,0.9251965284347534,-9.751386642456055,-0.2691404935900388,-0.2921640566718439,-10.655071486597151,1.2710443279306989,4.3667515626404745,0.7735453455880059
1730865976.5330846,-1.784656286239624,0.8895010352134705,-9.759675979614258,-0.27192113600497064,-0.30032549902845607,-10.660799029999806,1.2693198482797492,4.3598229971081315,0.679496327515967
1730865976.583109,-1.7826882600784302,0.8732828497886658,-9.80506706237793,-0.2746272341510445,-0.3051056089375782,-10.664441349390831,1.2756749901442515,4.363447498367269,0.8786030767568218
1730865976.6331296,-1.7826882600784302,0.8732828497886658,-9.80506706237793,-0.2773782596903023,-0.3059234937850972,-10.665509208396273,1.2754582433752126,4.358168939884224,0.8379268129675902
1730865976.6331296,-1.7952266931533813,0.8966658711433411,-9.827330589294434,-0.2802511511196254,-0.30242283326414277,-10.663849345813912,1.2754550762280934,4.35813710960235,0.8376231752606413
1730865976.6830444,-1.813761830329895,0.8992002606391907,-9.887080192565918,-0.28328920482110087,-0.2945342662565992,-10.659637705807256,1.274542499051943,4.3521311915252445,0.7705954301052738
1730865976.7331476,-1.7603381872177124,1.0126773118972778,-9.927574157714844,-0.28651543062617074,-0.2825245299186635,-10.653352954444026,1.2767911719940963,4.347841178593136,0.8757334788248174
1730865976.7829556,-1.7603381872177124,1.0126773118972778,-9.927574157714844,-0.2899167217154459,-0.2670330251259917,-10.645739446290534,1.281488278356418,4.3315420663906,0.8729635342390913
1730865976.7829556,-1.7341268062591553,1.0816811323165894,-9.964619636535645,-0.29340552398822967,-0.24906961831034294,-10.637724112366431,1.281496204505935,4.33148315236523,0.8727678387786653
1730865976.8330567,-1.7341268062591553,1.0816811323165894,-9.964619636535645,-0.2968052651500075,-0.22993454454527112,-10.630296089943958,1.2822563319385867,4.322792438779093,0.8315842219029067
1730865976.8330567,-1.752147912979126,1.1004984378814697,-9.94594955444336,-0.29987775105968395,-0.21107474926181247,-10.624386735184208,1.2822594076085692,4.3227215054334325,0.831153897635625
1730865976.882986,-1.7777737379074097,1.0999888181686401,-9.936602592468262,-0.30238419160559005,-0.193917371353926,-10.620756270191531,1.284747688064665,4.315120863652527,0.8748235456859768
1730865976.9328961,-1.7552416324615479,1.0999363660812378,-9.89273738861084,-0.3041533817896944,-0.1797149516681288,-10.619895111640847,1.2857470666897313,4.304387964725795,0.8356905864451912
1730865976.9829338,-1.7443795204162598,1.0299259424209595,-9.859451293945312,-0.30510840122799554,-0.16941810665199272,-10.621958362474135,1.2859945253515648,4.293099303604702,0.7695246059931843
1730865977.0329692,-1.738450288772583,0.9913241267204285,-9.821126937866211,-0.3052401359694776,-0.1635642013179411,-10.6267403555129,1.286539396007359,4.3063704661988265,0.8747491984630316
1730865977.0829315,-1.72636079788208,1.0042277574539185,-9.780694961547852,-0.3045694495049991,-0.16220635704630154,-10.633694278524361,1.2863168815678525,4.30133818817661,0.834962161658091
1730865977.1329029,-1.7019740343093872,1.0301756858825684,-9.777835845947266,-0.30312330872928794,-0.1649509001032986,-10.641998854403536,1.2890240569858735,4.288520146247882,0.8746901542197267
1730865977.1829247,-1.7100615501403809,1.0236696004867554,-9.772236824035645,-0.3009190456756522,-0.1711022057435156,-10.650669741324226,1.2890947915544904,4.280001850018995,0.8347341973148851
1730865977.2328663,-1.6848812103271484,1.0475960969924927,-9.79813289642334,-0.2979595279712326,-0.17982547435228646,-10.658703914161098,1.2884160181063764,4.2710469113030785,0.7681218162545902
1730865977.282879,-1.6928070783615112,1.0816024541854858,-9.839337348937988,-0.294241198379098,-0.19027288585707108,-10.665231466384071,1.2869992249304685,4.261645071719996,0.6750057652330166
1730865977.3328586,-1.6839771270751953,1.121504783630371,-9.875795364379883,-0.2897669610092135,-0.20168769824355165,-10.669649148736028,1.290546997121406,4.27860354191113,0.8746069152971604
1730865977.382834,-1.7058701515197754,1.1514695882797241,-9.901827812194824,-0.2845643763403731,-0.2134907185772105,-10.67170617453753,1.2899768352667158,4.2744979300020765,0.8346112005646863
1730865977.4328403,-1.718064785003662,1.188222885131836,-9.899704933166504,-0.2787118325033695,-0.22532744294512994,-10.671512623568345,1.2906705892805084,4.259645435067611,0.8746528276325762
1730865977.4828014,-1.7559535503387451,1.210862636566162,-9.879318237304688,-0.2723680636982996,-0.2370687546820659,-10.669464290558855,1.2898489489656535,4.250871553624949,0.834469159301745
1730865977.5329611,-1.7530285120010376,1.21330988407135,-9.857230186462402,-0.2657922678593326,-0.24877212276306404,-10.666109943957947,1.2911475832130208,4.242918403482564,0.8745623256967293
1730865977.5827668,-1.771667242050171,1.2144695520401,-9.824956893920898,-0.25933552915985847,-0.26060904533876256,-10.662007985414425,1.2904440863260105,4.23188962775026,0.8347735496627984
1730865977.6327608,-1.7904527187347412,1.173574447631836,-9.815088272094727,-0.2534033206193713,-0.27276985678081234,-10.6576156446074,1.2890898374633355,4.220078486280101,0.7678172723614662
1730865977.6826727,-1.791128396987915,1.1400463581085205,-9.794534683227539,-0.24841214352007812,-0.2853611306012301,-10.653232467024363,1.2981580322069444,4.23435930933605,0.874867414224743
1730865977.732706,-1.7754602432250977,1.096877932548523,-9.804055213928223,-0.2447448438665022,-0.2983161357587942,-10.648997900559964,1.298916357389173,4.228941913957593,0.834988336042421
1730865977.7826765,-1.7451756000518799,1.0755596160888672,-9.820162773132324,-0.24269041741525665,-0.31134856134330013,-10.644931946617184,1.3049208791687883,4.21614514278076,0.8746806156493594
1730865977.8326948,-1.7535194158554077,1.0384587049484253,-9.841119766235352,-0.2423816194436147,-0.32396580435152345,-10.641004105418446,1.3070521922094362,4.206818469140366,0.8343912298099856
1730865977.8826828,-1.7427948713302612,1.0323339700698853,-9.852581024169922,-0.243769593845247,-0.335529534083177,-10.637203663977575,1.308553765547674,4.1967735010509815,0.7680244717434396
1730865977.932601,-1.7566986083984375,1.0032477378845215,-9.877225875854492,-0.24664992568228158,-0.34534095542302634,-10.633584033282723,1.3094486259857732,4.185860842422994,0.6750682505772232
1730865977.9826145,-1.751990556716919,1.0094205141067505,-9.899985313415527,-0.25071669914510114,-0.3527314101951685,-10.630278689673755,1.30311022839766,4.206818758936318,0.8749673579158843
1730865978.0336628,-1.7626899480819702,1.0143227577209473,-9.914119720458984,-0.2556181532538683,-0.35714803614560026,-10.627499244127632,1.3023628316320557,4.202235959944924,0.8339713277918354
1730865978.0835943,-1.7406483888626099,1.0380933284759521,-9.910380363464355,-0.26099850587244017,-0.3582326504558198,-10.625513373979619,1.3042381830197005,4.185729830241339,0.8752480295814561
1730865978.1336367,-1.7406483888626099,1.0380933284759521,-9.910380363464355,-0.26651724330724585,-0.3558817665391981,-10.624597375824125,1.3301865171923153,4.172197242396776,0.8710897885131135
1730865978.1336367,-1.7494313716888428,1.0510751008987427,-9.90699577331543,-0.27185607737366724,-0.3502652248925643,-10.624977899574247,1.3302632862214694,4.1721174454198495,0.8708696184781638
1730865978.1836076,-1.718260645866394,1.0800387859344482,-9.886003494262695,-0.2767302114474251,-0.3418026440092292,-10.626783943721243,1.339711997397213,4.161514149820125,0.8295853369985725
1730865978.2335746,-1.7213134765625,1.065432071685791,-9.858278274536133,-0.2808952992804941,-0.3311171699559923,-10.630011085141977,1.348515270917632,4.150022601282095,0.7617011826870602
1730865978.283583,-1.7201809883117676,1.035151481628418,-9.832938194274902,-0.28414536482075425,-0.3189619974683928,-10.634493869379448,1.356636651854678,4.137686662808766,0.6670491841634015
1730865978.3336213,-1.7472566366195679,1.0085045099258423,-9.819117546081543,-0.2863252193968919,-0.30610752351113724,-10.639898741767375,1.3334613893364347,4.163699986133758,0.8695308773095771
1730865978.3834875,-1.7398953437805176,1.0001616477966309,-9.799436569213867,-0.2873620644965125,-0.29322488067894725,-10.645751276127132,1.3353878750743027,4.158685329677965,0.8290723809428278
1730865978.4336264,-1.7612855434417725,1.0042710304260254,-9.807564735412598,-0.2872887375139991,-0.2808213924454732,-10.651493703823792,1.3263384776302016,4.142047729302135,0.8647874160219141
1730865978.483481,-1.776827335357666,1.0146998167037964,-9.798775672912598,-0.2862453897180065,-0.26924251265040033,-10.656559343372768,1.3246515133546257,4.132869891916134,0.8225747457618395
1730865978.5336518,-1.7869014739990234,0.9881681203842163,-9.822782516479492,-0.2844703039179727,-0.25870749865539394,-10.660449498464214,1.3222438161257837,4.123017154227083,0.753464005249306
1730865978.5834239,-1.7913928031921387,0.9635969996452332,-9.843122482299805,-0.28228040410849553,-0.24933040840580767,-10.662802550231016,1.3191671692901985,4.112665201508589,0.6589051150530265
1730865978.6335306,-1.7745351791381836,0.944753110408783,-9.866405487060547,-0.2800311990549153,-0.2411109823089661,-10.66344918655955,1.3280373378091104,4.128253875765182,0.8624269705222666
1730865978.6834292,-1.7401525974273682,0.9377371668815613,-9.902955055236816,-0.27805388233235145,-0.2339265543022453,-10.662443561851287,1.3050407808051856,4.110520464976812,0.8635369140886289
1730865978.7334626,-1.6854290962219238,0.9745905995368958,-9.937728881835938,-0.27657503713307036,-0.22756121839793772,-10.660066543437729,1.295563807764076,4.101445162734615,0.8235616814382891
1730865978.783451,-1.6466100215911865,0.9855256676673889,-9.951215744018555,-0.27563778468446387,-0.22177853161511157,-10.656802590432628,1.2901738362406168,4.107399328253087,0.8636983711790192
1730865978.8334842,-1.6563363075256348,1.0078275203704834,-9.9380521774292,-0.27506604685729286,-0.21640465003481785,-10.653278317593303,1.280318215127746,4.102284287281435,0.8239596210170171
1730865978.8833902,-1.7004355192184448,1.0166414976119995,-9.931790351867676,-0.27451727193017256,-0.21137747977705248,-10.650158068020392,1.2697252921734152,4.096608321210164,0.7573759402132948
1730865978.9333422,-1.7124758958816528,1.0166045427322388,-9.904008865356445,-0.273615650447852,-0.20674865821834387,-10.648025251151514,1.258527423384962,4.090453840672516,0.664842715457904
1730865978.9833767,-1.7484877109527588,0.9874158501625061,-9.873875617980957,-0.2720896899654451,-0.2026454033927741,-10.647284105924232,1.299305193860771,4.087053050643856,0.8636332241636192
1730865979.0333667,-1.7781975269317627,0.9723923206329346,-9.826956748962402,-0.2698527898921851,-0.1992021253980519,-10.648092707131033,1.2998744125849488,4.062639927648179,0.8636620588892086
1730865979.083341,-1.8249285221099854,0.9684796333312988,-9.808510780334473,-0.26703127095977497,-0.19649208238003232,-10.650331292372519,1.2990799111961142,4.051580588330088,0.8237793925046822
1730865979.1334617,-1.8077327013015747,0.99198979139328,-9.797586441040039,-0.26395315791487317,-0.19450129641691727,-10.653621413925663,1.2976156259626654,4.039983083251819,0.7569892064165781
1730865979.1833425,-1.7758582830429077,1.0017274618148804,-9.795262336730957,-0.26107830733588655,-0.19315718081131428,-10.657402050905851,1.295498749974608,4.0279368957754125,0.6637337943760769
1730865979.2334268,-1.7445600032806396,0.9905624389648438,-9.823312759399414,-0.2588674005325132,-0.192376479616913,-10.661042619789406,1.30017979543218,4.055742824584052,0.863811909468942
1730865979.283344,-1.7271696329116821,1.0075136423110962,-9.839427947998047,-0.25764723036002957,-0.1920896578271824,-10.663965428816358,1.2993179455056707,4.051435188553257,0.8239603246346613
1730865979.3333242,-1.6950007677078247,1.0687576532363892,-9.858665466308594,-0.2575341240941218,-0.19225291180396253,-10.665749678217399,1.2978101042337433,4.046632867893344,0.7573486627049504
1730865979.3832564,-1.675797462463379,1.0785269737243652,-9.882787704467773,-0.2584208996278517,-0.19288390951847717,-10.666191129957802,1.2956639814692215,4.041364193241056,0.6643591864224019
1730865979.4332826,-1.675797462463379,1.0785269737243652,-9.882787704467773,-0.26000734807351084,-0.19409416188674697,-10.665311964414851,1.300847667630276,4.041832892838096,0.8641101815889721
1730865979.4332826,-1.6692519187927246,1.0586843490600586,-9.9091157913208,-0.2618659504010902,-0.19606142516318578,-10.663330987305887,1.3008452692431478,4.041810767029532,0.863976467688694
1730865979.4832273,-1.7125009298324585,1.0549372434616089,-9.896411895751953,-0.26353374395776663,-0.19895190041802222,-10.660608851187977,1.300044899894666,4.037186453500784,0.8243380084886988
1730865979.5331433,-1.7504215240478516,1.0589847564697266,-9.870314598083496,-0.2646189166832253,-0.20285112017213602,-10.657575123020454,1.2985778270676085,4.0320163047706075,0.7577187208767977
1730865979.5832226,-1.785847783088684,1.0675930976867676,-9.84801959991455,-0.2649036428558072,-0.2077410676646019,-10.654636215851447,1.3019395563968141,4.012415651931478,0.864287397332429
1730865979.6332638,-1.7883844375610352,1.0558311939239502,-9.808194160461426,-0.2644016870592421,-0.2135151800872728,-10.652083820969647,1.3012130647441054,4.004474352755144,0.8241232976906653
1730865979.6832213,-1.7674888372421265,1.0369421243667603,-9.804984092712402,-0.26333480284359034,-0.21999645733706186,-10.650036704236872,1.2998312874218858,3.996037098728303,0.757571130311563
1730865979.7332594,-1.7422083616256714,1.044816493988037,-9.791166305541992,-0.2620353510844656,-0.22694291191171279,-10.648434969495803,1.3038966622112698,4.000317405914905,0.8645238518158811
1730865979.7831383,-1.7183767557144165,1.056226372718811,-9.81582260131836,-0.26082317249014325,-0.23406284167123548,-10.647087066267305,1.3035430797492367,3.9940895703285073,0.8248694771018071
1730865979.8331375,-1.7165940999984741,1.0240825414657593,-9.852579116821289,-0.2599131432632854,-0.24105055620614468,-10.645755682832306,1.3025364250297828,3.9872313805918416,0.7583638497994519
1730865979.8831122,-1.753248691558838,1.0654637813568115,-9.879159927368164,-0.25939053122352834,-0.24761873826076652,-10.64425942535302,1.30515225627484,3.9756665011762924,0.8647525915505409
1730865979.933171,-1.7518842220306396,1.1092981100082397,-9.907805442810059,-0.25925450699605795,-0.253534219781953,-10.6425534071856,1.3046538064489068,3.967062526617521,0.8247040100305411
1730865979.9830768,-1.7512531280517578,1.1336108446121216,-9.913050651550293,-0.25948019540688594,-0.2586808306384133,-10.640756313252236,1.3077499597663185,3.950672156816394,0.8646519982037569
1730865980.0331457,-1.7746715545654297,1.1063928604125977,-9.929741859436035,-0.2600500199016955,-0.26310412833977004,-10.639122779322891,1.3078520132456588,3.938354717375978,0.8249738302763515
1730865980.0830786,-1.7633733749389648,1.0550339221954346,-9.91777515411377,-0.26096068791565186,-0.2669690991485105,-10.637982149906573,1.3073018843374673,3.9252709804545303,0.7582992310131744
1730865980.1330512,-1.7678178548812866,0.9986138939857483,-9.903882026672363,-0.2622217306226605,-0.27043711723017727,-10.637662806258085,1.3060997237790655,3.9115697198927664,0.6652939290304382
1730865980.1830616,-1.7552937269210815,0.9642212390899658,-9.863191604614258,-0.2638408168222827,-0.2735368270560806,-10.638410986055797,1.3086337336318212,3.927005373219959,0.8628242192727004
1730865980.2330961,-1.7510707378387451,0.9318864345550537,-9.831514358520508,-0.2658017217406969,-0.2761000019917913,-10.640314503296619,1.3080066494564522,3.9194933253518385,0.8226400195453809
1730865980.283017,-1.7713265419006348,0.9089294075965881,-9.801752090454102,-0.2680528760239913,-0.27777840266187626,-10.643252410183777,1.3091936923855518,3.9086559518139787,0.86056834556559
1730865980.3330822,-1.754677176475525,0.8723220825195312,-9.782366752624512,-0.2705166099890052,-0.27810878203970124,-10.646891425543558,1.30885855125372,3.890646211432292,0.858990580958264
1730865980.3830082,-1.723183274269104,0.9439969062805176,-9.801132202148438,-0.27309914464911966,-0.2766019616033386,-10.650736849127998,1.3078366855472792,3.878830371290678,0.817939085861438
1730865980.433098,-1.6738758087158203,1.0513758659362793,-9.821660041809082,-0.2756678779931789,-0.2728823013868844,-10.654232880187003,1.3061370071289509,3.8663836014828816,0.7505784775277728
1730865980.483009,-1.6597111225128174,1.1477819681167603,-9.850543975830078,-0.27800658594781485,-0.2668845070464799,-10.65688728163987,1.303738556943852,3.853208839484946,0.6563137289428563
1730865980.5330355,-1.6584028005599976,1.2105984687805176,-9.882913589477539,-0.27980123608441154,-0.25901543407770194,-10.658378389993608,1.308847801910403,3.8896240224473893,0.8581409687890799
1730865980.5829203,-1.6862232685089111,1.2356047630310059,-9.892935752868652,-0.28068999558152974,-0.2501708381856526,-10.658613853337691,1.3052154876512054,3.878844557479598,0.8566989158051989
1730865980.6329215,-1.7074263095855713,1.2406328916549683,-9.910365104675293,-0.2803598211735275,-0.2415924800517772,-10.657731324381187,1.3029258246338546,3.873251312913731,0.8162998318316074
1730865980.6829512,-1.7313487529754639,1.231943964958191,-9.891355514526367,-0.27864169804274097,-0.23463452264496434,-10.656046703878964,1.3027205557324268,3.8810140662041888,0.8575085564808542
1730865980.732902,-1.762101173400879,1.1977239847183228,-9.857156753540039,-0.27556694921054725,-0.23052144400246333,-10.653962447777499,1.3003510115620684,3.8792514157657645,0.8175968516525793
1730865980.782888,-1.8051854372024536,1.1925158500671387,-9.807480812072754,-0.27138190714843347,-0.23015367162191716,-10.651849914535076,1.2973008983087133,3.8769153405883356,0.751127662348311
1730865980.8330297,-1.8207874298095703,1.2165002822875977,-9.75685977935791,-0.2665339015680446,-0.2340029314527827,-10.649933280644202,1.3021312143450374,3.8705929898741163,0.857638230843846
1730865980.8828611,-1.8196736574172974,1.1822912693023682,-9.743191719055176,-0.26162267615435775,-0.24211242327132734,-10.64821618245415,1.3003537388654989,3.8601040145694374,0.857766676748353
1730865980.9328651,-1.7832274436950684,1.1514029502868652,-9.755585670471191,-0.2573031988315737,-0.25414946548507084,-10.646488192827807,1.2984490039824603,3.853743489022463,0.8178036009499312
1730865980.9828465,-1.7492635250091553,1.1532273292541504,-9.785079002380371,-0.2541520254999333,-0.2694565577827821,-10.644417482552182,1.2989575154221285,3.854496860292901,0.8577556820144498
1730865981.0328772,-1.737170696258545,1.1676044464111328,-9.824600219726562,-0.25254382175824364,-0.2871243590171122,-10.641689739108017,1.2970724869469545,3.8490672798225294,0.8177672242177182
1730865981.0828042,-1.7564733028411865,1.1578387022018433,-9.858620643615723,-0.2525964113572202,-0.3061115785966951,-10.638135332411494,1.294568347363526,3.842928687654857,0.7514769998979031
1730865981.1328242,-1.7453453540802002,1.1802970170974731,-9.890361785888672,-0.2542034967455473,-0.32537378624503244,-10.633804677007788,1.2914173780061997,3.8359693252052054,0.6582272775942937
1730865981.182789,-1.7421174049377441,1.2122210264205933,-9.907768249511719,-0.25710889170569207,-0.343970523725351,-10.62897844428498,1.2996223070079593,3.846743712154559,0.857981959608205
1730865981.2327783,-1.7648988962173462,1.2131307125091553,-9.905224800109863,-0.2609730652134966,-0.36115277426711523,-10.624118047235205,1.2993619362943283,3.834778039745707,0.8581528384161955
1730865981.2827117,-1.755113124847412,1.198180079460144,-9.908822059631348,-0.2654305537184465,-0.376409279721985,-10.619773691479248,1.2982696829675051,3.8282521241099765,0.8184932056512177
1730865981.3327768,-1.7433922290802002,1.2048159837722778,-9.893980979919434,-0.2701357241513287,-0.3894499873886191,-10.616479208659705,1.2972803605865668,3.8355459133509484,0.8582420709973356
1730865981.3827689,-1.7391759157180786,1.1972934007644653,-9.877423286437988,-0.27477828774052665,-0.40015721945611277,-10.614660200446108,1.2954968187915548,3.832538344087362,0.8186742392720208
1730865981.4327297,-1.7276512384414673,1.164393663406372,-9.875006675720215,-0.27907911452347633,-0.4085376838628828,-10.614569182096629,1.2959580045036976,3.8212744350277403,0.858455560335595
1730865981.4826684,-1.7301276922225952,1.1462821960449219,-9.858842849731445,-0.28279008338717565,-0.414669216813468,-10.616258307004625,1.2942288471388628,3.814582932597768,0.8188727910291624
1730865981.532706,-1.767398715019226,1.1232705116271973,-9.835837364196777,-0.28571029295427586,-0.4186447042602911,-10.619586123354175,1.2945461401145084,3.8106319860442475,0.8586375948910601
1730865981.5826263,-1.771291971206665,1.0768252611160278,-9.814048767089844,-0.28772357205532584,-0.4205321917394067,-10.624238012491855,1.2927956576955042,3.8038993323030446,0.8191346445553316
1730865981.632651,-1.7656406164169312,1.0492750406265259,-9.813011169433594,-0.28883114389846093,-0.4203493712279122,-10.629755888386859,1.3057653357935233,3.8026222685882822,0.8586873884356797
1730865981.6826463,-1.7666867971420288,1.0612733364105225,-9.800434112548828,-0.2891418424195049,-0.41805712838260745,-10.63558935656069,1.309017202952329,3.7955855821796827,0.8187365813658335
1730865981.7325985,-1.7560240030288696,1.0717525482177734,-9.802149772644043,-0.2888278454541175,-0.4135994023403764,-10.64116385379996,1.311545756704123,3.787502445398445,0.7520814105915696
1730865981.782617,-1.7692018747329712,1.0504546165466309,-9.820076942443848,-0.28808080627461075,-0.4069759336572288,-10.645950105927337,1.309341783869461,3.79356658623102,0.8612636396434181
1730865981.8325737,-1.771501898765564,1.0501502752304077,-9.841869354248047,-0.2870876225822613,-0.3982890113547545,-10.64953179300101,1.309967403445738,3.7889249324559535,0.8219682881829956
1730865981.8825479,-1.7663713693618774,1.0353684425354004,-9.841984748840332,-0.28602292194535783,-0.38774210993228114,-10.651662440104221,1.3070241019440234,3.7790520820705624,0.8637494208345329
1730865981.9325402,-1.7760372161865234,1.0161089897155762,-9.867627143859863,-0.2850430780599529,-0.3756140749406284,-10.652289069379457,1.305727925064662,3.7713210418759697,0.8247140483109111
1730865981.98255,-1.7634375095367432,0.9613879919052124,-9.85209846496582,-0.2842767396758746,-0.3622174672901345,-10.651537097189106,1.303730666012988,3.7627201286422647,0.7593837845726278
1730865982.0325925,-1.7791496515274048,0.9654719829559326,-9.847026824951172,-0.2838176763881865,-0.3478427500721243,-10.64966421848764,1.3010179492322427,3.7532052696019207,0.6672576561542173
1730865982.082566,-1.7825586795806885,0.9710471034049988,-9.852204322814941,-0.2837257885895518,-0.3327257267697783,-10.64699510993252,1.306740709605165,3.7712760885945458,0.8651787031784492
1730865982.1326017,-1.7958264350891113,0.9586231112480164,-9.84224796295166,-0.284039212467856,-0.31706650266337666,-10.64386318064698,1.305564211784527,3.7671183070085217,0.8254843443147284
1730865982.1825407,-1.7958264350891113,0.9586231112480164,-9.84224796295166,-0.28478887932296915,-0.3010656897514403,-10.64057335302958,1.3036845328533262,3.7622157748954557,0.7594489513717851
1730865982.1825407,-1.780782699584961,0.9289447665214539,-9.855907440185547,-0.2860001824359323,-0.2849352229128203,-10.63738136800066,1.303670865621651,3.762183512687021,0.7589639386058125
1730865982.232465,-1.7899311780929565,0.9141668081283569,-9.858953475952148,-0.2876778825013248,-0.2688806365123739,-10.634491805777285,1.3055566207934122,3.7598484137162647,0.8674080973765033
1730865982.2824335,-1.7288756370544434,0.9203927516937256,-9.886968612670898,-0.2897817055087103,-0.25307610074152664,-10.632072971276028,1.304199793346492,3.7556505595726564,0.8285518906402647
1730865982.3324869,-1.6810498237609863,0.9620445966720581,-9.88410758972168,-0.29218675202968414,-0.23766767035464786,-10.630275845751203,1.3020995679427894,3.750795607516549,0.7626424838649913
1730865982.3824227,-1.6810498237609863,0.9620445966720581,-9.88410758972168,-0.2946366976829442,-0.22281698875614775,-10.62924093989249,1.2992861228346915,3.7454073008367814,0.6708102102050956
1730865982.3824227,-1.6484060287475586,0.9935193657875061,-9.897727012634277,-0.29674066054680354,-0.2087460351648839,-10.629085773624167,1.2992675869290178,3.74537428292271,0.6701978370525506
1730865982.43251,-1.6584144830703735,1.0421549081802368,-9.88492488861084,-0.29803157426082294,-0.19575389387211695,-10.629887130413385,1.29609285304311,3.740100853819267,0.869202755271062
1730865982.483423,-1.6952749490737915,1.0301778316497803,-9.887045860290527,-0.2980561535329456,-0.18421537180683858,-10.63166801880329,1.292797035468682,3.7342570888009403,0.8291773273666678
1730865982.533453,-1.7030484676361084,1.0806777477264404,-9.861583709716797,-0.2964775430927092,-0.17455750271369366,-10.634383415030268,1.288769438521174,3.727998014250388,0.7624452467983307
1730865982.583386,-1.7107962369918823,1.0715504884719849,-9.876588821411133,-0.2931568607455858,-0.16721166614094402,-10.637908645902844,1.287787070412644,3.7253917346000187,0.8691105581107795
1730865982.6333776,-1.7298176288604736,1.0849593877792358,-9.842121124267578,-0.28817480908114623,-0.16255936897715753,-10.642041963402855,1.2838118462635495,3.7193116254758953,0.8292240442804215
1730865982.6832743,-1.7382158041000366,1.0940165519714355,-9.82889175415039,-0.2818059130219135,-0.16087969397695734,-10.646515168301523,1.2911869700830738,3.7008269593714846,0.8692699656653703
1730865982.7333183,-1.7092664241790771,1.0961657762527466,-9.810029983520508,-0.27446799248720605,-0.1623096947086709,-10.651000377349533,1.2902771159748565,3.6923676724758985,0.8293233728164885
1730865982.7832613,-1.720900058746338,1.081602931022644,-9.814118385314941,-0.2666463240882497,-0.16682456610950952,-10.655125250459347,1.2916761960564642,3.6863632304996496,0.8694104076849715
1730865982.8333445,-1.6907812356948853,1.1064479351043701,-9.822359085083008,-0.2588106901718401,-0.17423117802602633,-10.65851405343717,1.2908917695675435,3.6780461923540884,0.8293667859332926
1730865982.883231,-1.6907812356948853,1.1064479351043701,-9.822359085083008,-0.25135289577551256,-0.1841851614598793,-10.660845647868602,1.2894792793285572,3.669355129548968,0.7631413324446384
1730865982.883231,-1.6923519372940063,1.0895730257034302,-9.835728645324707,-0.24455298103911574,-0.19623054065967627,-10.661902905976072,1.289467907046266,3.669296348057065,0.7626173550524784
1730865982.9332194,-1.6792006492614746,1.1152235269546509,-9.863758087158203,-0.23857557178179584,-0.2098365061797277,-10.661603140857066,1.2874587782619682,3.6601723213446324,0.6704564765320429
1730865982.9831457,-1.7153499126434326,1.1083157062530518,-9.875514030456543,-0.23349059105063466,-0.22443255699132894,-10.660017086387057,1.2848468086736722,3.6504298325167337,0.5510536904278603
1730865983.0331786,-1.7017549276351929,1.1146010160446167,-9.87297534942627,-0.22930901923246977,-0.23945214932332654,-10.657368399345053,1.2816293139263495,3.640020339870299,0.4037659707584287
1730865983.0831547,-1.7247456312179565,1.1034821271896362,-9.876657485961914,-0.22601986598966628,-0.25436741159249104,-10.65399657806206,1.2931746662863806,3.6680424752937917,0.872987612071628
1730865983.1332371,-1.723798394203186,1.1082918643951416,-9.866191864013672,-0.22361159263976987,-0.2687054952004369,-10.65029366672756,1.2925902203843516,3.663061146193815,0.8337479313239301
1730865983.1831467,-1.74892258644104,1.0905280113220215,-9.85448932647705,-0.22208140583192754,-0.28205608939372073,-10.646638781340233,1.294981342623563,3.649997740881756,0.8772433015880554
1730865983.2331731,-1.7724019289016724,1.049669861793518,-9.829201698303223,-0.22144598231756005,-0.29406751860025576,-10.643340012937905,1.2948111701075429,3.641851583701972,0.8389053071137069
1730865983.2831328,-1.8004544973373413,1.0296589136123657,-9.822273254394531,-0.22175757362387266,-0.30442231192196917,-10.640589054221866,1.2940839045599606,3.6329266751148217,0.7737133352288953
1730865983.3331854,-1.8035463094711304,0.9881694316864014,-9.829723358154297,-0.22311438814701226,-0.312806937292483,-10.638444832078337,1.296139986182729,3.6280872179193393,0.8762549992957661
1730865983.3831327,-1.7893829345703125,0.94960618019104,-9.834813117980957,-0.22564261129260393,-0.3188964913904141,-10.636858455502443,1.2957201039295005,3.6202776948391286,0.8366214742113828
1730865983.433214,-1.7893829345703125,0.94960618019104,-9.834813117980957,-0.22944517223594796,-0.3223596749782377,-10.635723016871168,1.2985060750931487,3.6124519019939516,0.8772457699108851
1730865983.433214,-1.7607972621917725,0.9598801732063293,-9.869425773620605,-0.23454330522224964,-0.32289750195531697,-10.634922044623035,1.2985085697867924,3.612399822028317,0.8770894736066595
1730865983.4831028,-1.7290595769882202,0.9765893220901489,-9.882548332214355,-0.2408318414160543,-0.32031989772785596,-10.634373714945855,1.2986274522967967,3.6033167558462487,0.8378889366450937
1730865983.5331106,-1.6965514421463013,1.0011461973190308,-9.909360885620117,-0.24804822530446802,-0.3146265604764604,-10.634069650258821,1.2981400443272988,3.593371800459128,0.7719556556231624
1730865983.5830941,-1.687805414199829,1.0449283123016357,-9.925027847290039,-0.2557656688122927,-0.3060600262461898,-10.634092813272085,1.297011334441967,3.582552208303283,0.6785411149534328
1730865983.6330297,-1.7105463743209839,1.062206506729126,-9.912233352661133,-0.263435361809058,-0.29512397439117405,-10.634604227424092,1.2952437520936013,3.5710842196504498,0.5594073948132205
1730865983.6830099,-1.7288440465927124,1.0316603183746338,-9.905956268310547,-0.2704829828944986,-0.2825501580212816,-10.635796144362564,1.2996646004860761,3.594547901585142,0.8777642430023037
1730865983.732998,-1.7665119171142578,1.0230692625045776,-9.869739532470703,-0.2764271765720659,-0.26919429024130404,-10.637821869429029,1.302052589363759,3.5774987245562784,0.8737809131561208
1730865983.7829723,-1.7879585027694702,1.0124537944793701,-9.849638938903809,-0.28097529620613415,-0.25589600632086895,-10.6407262607773,1.3020123562783126,3.568727683940569,0.8326277507204534
1730865983.8330133,-1.7572612762451172,1.0238817930221558,-9.814472198486328,-0.28406118081329845,-0.24337360074290415,-10.644398373416458,1.3034493324315362,3.561229753414922,0.8708845973858356
1730865983.883023,-1.7258535623550415,1.0155987739562988,-9.814128875732422,-0.285800256168688,-0.2321809949559435,-10.64856178232299,1.3033573666065692,3.5495897450798406,0.8257265331924982
1730865983.9329882,-1.738547682762146,1.0178868770599365,-9.813284873962402,-0.2863883659742068,-0.22270298718862402,-10.652812000449563,1.3025483937722175,3.5381889626327934,0.756796453831144
1730865983.9829564,-1.7437292337417603,1.0110543966293335,-9.830916404724121,-0.2860254755898005,-0.2151617147437096,-10.656694377437498,1.304285763320835,3.553019597833473,0.8739945003154111
1730865984.0330122,-1.765491247177124,1.0078160762786865,-9.827916145324707,-0.2849053166644655,-0.2096271300468053,-10.6597939207144,1.3036747037439642,3.5478474306176686,0.8350347734798258
1730865984.0830057,-1.77713942527771,0.9914494752883911,-9.832852363586426,-0.2832391911380218,-0.2060310960930662,-10.661801419112539,1.3054021285072803,3.5350536238940675,0.8726916851674605
1730865984.1330554,-1.76701819896698,0.9879558682441711,-9.837885856628418,-0.28127069437626695,-0.2041829863754686,-10.662541408418893,1.3048945735623316,3.526316624990901,0.8323870157001408
1730865984.1829398,-1.7550095319747925,0.9416333436965942,-9.842985153198242,-0.2792583041831823,-0.20378409244339474,-10.661973687627956,1.306370598608098,3.531738686437577,0.8728798859374431
1730865984.233027,-1.7693597078323364,0.9317522048950195,-9.852078437805176,-0.2774348785734911,-0.20443600864853828,-10.66018270717677,1.3058443847025822,3.527100374125337,0.8327448519279904
1730865984.282908,-1.7676082849502563,0.9731171131134033,-9.874110221862793,-0.2759801756566058,-0.20566258640041715,-10.657362245163096,1.3083465095778062,3.5156578764913093,0.8728847586699352
1730865984.332939,-1.7531005144119263,1.035541296005249,-9.888091087341309,-0.2750167745677595,-0.20699092345775255,-10.653801481132428,1.308008127772316,3.5093139126833575,0.832886256622519
1730865984.382895,-1.7531005144119263,1.035541296005249,-9.888091087341309,-0.2746063694901675,-0.20807790154629938,-10.649867043774178,1.3069893315230408,3.502515057926532,0.7667748706489893
1730865984.382895,-1.7402719259262085,1.1037230491638184,-9.893942832946777,-0.27474149465673514,-0.20879954884805202,-10.645967317899885,1.3069814946308238,3.5024744076303045,0.7663177340578096
1730865984.4328966,-1.7402719259262085,1.1037230491638184,-9.893942832946777,-0.27534631423854794,-0.20926620447898794,-10.642502963754218,1.3100680523665134,3.5018583368302307,0.8727759838314839
1730865984.4328966,-1.7156955003738403,1.1284185647964478,-9.893769264221191,-0.27628631480144106,-0.20978472061365794,-10.639821690262771,1.3100676934029973,3.5018323059631715,0.8726484586865678
1730865984.482866,-1.7093425989151,1.1048458814620972,-9.893119812011719,-0.27737734893673127,-0.2107786126448925,-10.638186216908817,1.3096488571763536,3.4961765148513186,0.8330120826737155
1730865984.5329578,-1.7015324831008911,1.0737662315368652,-9.873983383178711,-0.27839526418518507,-0.2126747322820312,-10.637753028052275,1.3085245327193065,3.489914855980013,0.7660664861081541
1730865984.5827758,-1.6885952949523926,1.0898646116256714,-9.83182144165039,-0.27909460808645753,-0.2157892557127151,-10.638550736016722,1.30673119358727,3.483232525802582,0.6740042991772452
1730865984.6328366,-1.6946405172348022,1.0953351259231567,-9.820165634155273,-0.27923495218053174,-0.220265665063603,-10.640452989676255,1.312513729807121,3.488322284959538,0.8725590453461126
1730865984.6827855,-1.7064508199691772,1.090383529663086,-9.814990997314453,-0.27861235147612645,-0.22608406248105228,-10.643171764482826,1.3121290133429349,3.4835159182723543,0.8326365019486408
1730865984.7328272,-1.7328819036483765,1.124551773071289,-9.794182777404785,-0.2770998979951355,-0.23310475063518765,-10.64629521065221,1.3146102174319316,3.4702476163564597,0.8698917962665341
1730865984.7828143,-1.7472401857376099,1.1416202783584595,-9.79966926574707,-0.27468954838558246,-0.24112168416372148,-10.649351173312919,1.3145303190896045,3.4616856618003014,0.828879925613264
1730865984.832862,-1.7801201343536377,1.1270169019699097,-9.790181159973145,-0.27151712924546756,-0.24991614569695575,-10.651870087229305,1.313762813794777,3.452487073255937,0.7609698623552453
1730865984.8827765,-1.8064730167388916,1.0541865825653076,-9.814004898071289,-0.2678641714732142,-0.2592665156406655,-10.653443813962063,1.312334362034435,3.442753305065102,0.6673470784959957
1730865984.932766,-1.7914071083068848,0.9970205426216125,-9.81450080871582,-0.26413451178346575,-0.26888478158433987,-10.653779542179992,1.3169236685574905,3.4505695555452203,0.8685760369872756
1730865984.982722,-1.8141363859176636,0.988487720489502,-9.829391479492188,-0.2607973348739785,-0.27833494763187316,-10.652737749705036,1.3165902904238873,3.444052091924377,0.8280750166069545
1730865985.032782,-1.7977060079574585,0.9803420305252075,-9.844320297241211,-0.25831092924250454,-0.2870262948828667,-10.650344359072717,1.3156033362075201,3.436807298412733,0.7606849338841026
1730865985.0827415,-1.7713993787765503,0.9812991619110107,-9.877988815307617,-0.25705124943220353,-0.29429988411811353,-10.646784892142529,1.318890040821256,3.4367061634978064,0.8667352801627178
1730865985.132783,-1.71804940700531,1.0124496221542358,-9.935633659362793,-0.2572405675504588,-0.29955101882298774,-10.642400150453987,1.3185400574798087,3.431080206775433,0.8264086095642516
1730865985.1826315,-1.6836105585098267,1.0212959051132202,-9.955793380737305,-0.25887667355689653,-0.30234124036799953,-10.637687101355287,1.3175522574205332,3.424726506960309,0.7598636788125598
1730865985.2326396,-1.6695834398269653,1.0209726095199585,-9.982982635498047,-0.2616984531728694,-0.3024722501093834,-10.633278658424164,1.315908896502365,3.4175788803452436,0.666370228108944
1730865985.2825966,-1.6820427179336548,1.0209590196609497,-9.982028007507324,-0.2652243711965846,-0.29999716262036513,-10.629878710061007,1.3207890507871434,3.4126852753753374,0.8640084385405835
1730865985.3328176,-1.6861553192138672,1.0448060035705566,-9.940045356750488,-0.26885864235467416,-0.2951824971334679,-10.628157536183716,1.3203138633775298,3.4058332752850657,0.8241161412049406
1730865985.3826177,-1.6902683973312378,1.072792649269104,-9.884591102600098,-0.2720157512466277,-0.2884653470022577,-10.628620009396487,1.323646262276748,3.3976994172231327,0.863123909807402
1730865985.4327106,-1.675067663192749,1.095103144645691,-9.83919620513916,-0.2742103984697122,-0.28042573888143885,-10.631473885255813,1.3236170561034122,3.3904308673908417,0.8225961738084413
1730865985.4825518,-1.675067663192749,1.095103144645691,-9.83919620513916,-0.2750944835056637,-0.271753710392408,-10.63655828486972,1.3229055477824945,3.382520822265529,0.7558926034681986
1730865985.4825518,-1.6960761547088623,1.094853162765503,-9.803689002990723,-0.27446301049406563,-0.263186835823062,-10.643373745919202,1.3228994171977826,3.3824728549113803,0.7554276451268129
1730865985.5326161,-1.722466230392456,1.0872973203659058,-9.751572608947754,-0.2722641697110982,-0.25542460153977364,-10.651176438850893,1.3258672304890087,3.3744960690638344,0.8648151905458634
1730865985.58259,-1.7427036762237549,1.0676462650299072,-9.747730255126953,-0.2686197651671769,-0.2490453692362037,-10.659071210127841,1.3256620718872008,3.366142784220693,0.8252593346382807
1730865985.632628,-1.7365292310714722,1.0933762788772583,-9.761231422424316,-0.2638262870207372,-0.24444904293956005,-10.666106505149212,1.3291045426954844,3.3592311626845963,0.8656766475024432
1730865985.6824856,-1.7323532104492188,1.1209410429000854,-9.784261703491211,-0.2583104173460993,-0.24185007451432106,-10.671403564805287,1.32955768405458,3.350239011011018,0.8260164233111197
1730865985.7325032,-1.7022969722747803,1.1784687042236328,-9.817559242248535,-0.2525458507123083,-0.2413310440913773,-10.674296781211948,1.3293724793055475,3.3406828034044835,0.7599309781375988
1730865985.7824738,-1.6860485076904297,1.1986299753189087,-9.862820625305176,-0.2469597748173708,-0.24292538499537047,-10.67443992651188,1.3285585834998788,3.33045213143482,0.6665715676534094
1730865985.8323932,-1.6977430582046509,1.214544653892517,-9.875704765319824,-0.24186345739467804,-0.24667431543959878,-10.671856527755327,1.3301463204058597,3.3372456514653934,0.8666968802783402
1730865985.8824039,-1.72776460647583,1.2422195672988892,-9.876368522644043,-0.23744109384727718,-0.25263076833378095,-10.666918880463385,1.3296794699219738,3.3306529423724824,0.8258546063615297
1730865985.9324834,-1.7458330392837524,1.2251580953598022,-9.873026847839355,-0.23379824142170436,-0.26082861762790666,-10.66025399935619,1.3343887686752731,3.316213912260316,0.8682989712973728
1730865985.98234,-1.7458330392837524,1.2251580953598022,-9.873026847839355,-0.23102175972645583,-0.2712378008923681,-10.652613444585551,1.3352297580247912,3.3055879248652213,0.8294435236364723
1730865985.98234,-1.778479814529419,1.1662412881851196,-9.862024307250977,-0.22920763368554192,-0.2837080900289281,-10.644753747877061,1.3352491687353183,3.3051952596286225,0.8275613304300011
1730865986.0324254,-1.812469720840454,1.1348047256469727,-9.842642784118652,-0.22846828393339622,-0.29790862438151033,-10.63734382519704,1.335794123161983,3.2996203930031696,0.869623575365727
1730865986.083408,-1.8282921314239502,1.0925198793411255,-9.832610130310059,-0.22894495056382905,-0.31328614540827565,-10.630896390840888,1.3360502483570293,3.2889903038642587,0.8301581255984302
1730865986.1323512,-1.794028639793396,1.0303659439086914,-9.828272819519043,-0.23080296549200163,-0.32906513953138944,-10.625729610424315,1.3357350255924252,3.27798966340361,0.7662697178669823
1730865986.182304,-1.794028639793396,1.0303659439086914,-9.828272819519043,-0.23417821175832787,-0.3442921498027835,-10.621968603997336,1.3387535376506743,3.285358741524685,0.8685327824756808
1730865986.182304,-1.7610769271850586,1.0007822513580322,-9.830572128295898,-0.23910054975366216,-0.3579236857875686,-10.619579727736605,1.3387561713046634,3.2853192979526593,0.8683799400745588
1730865986.2334194,-1.7610769271850586,1.0007822513580322,-9.830572128295898,-0.24544449920867056,-0.36894850370961535,-10.618418556385315,1.3389041626799256,3.277892656632885,0.8277639493284907
1730865986.2334194,-1.7389838695526123,0.9761263132095337,-9.86747932434082,-0.2529239577618876,-0.3765047843183379,-10.618281613789033,1.338903250914316,3.2778498183112053,0.827469616865855
1730865986.2822678,-1.7166599035263062,0.9618653059005737,-9.8866548538208,-0.26111780846686256,-0.37995819305743883,-10.618965934174472,1.3407680636660386,3.2647973937682027,0.8691686222270162
1730865986.3333633,-1.70383620262146,0.9350121021270752,-9.917444229125977,-0.26950668646832676,-0.378933855655675,-10.620329361212715,1.3408854733790208,3.2537992465552885,0.8292435994857872
1730865986.3832543,-1.6740444898605347,0.8900201320648193,-9.920842170715332,-0.277512684545961,-0.37330648681240225,-10.62232543307908,1.3402966073269564,3.241734191901662,0.7615114499735665
1730865986.4332874,-1.717559576034546,0.9237884879112244,-9.903822898864746,-0.28455080803752625,-0.36316761112798013,-10.624992210964841,1.3390515069020705,3.229305635261015,0.6709655856440999
1730865986.4832044,-1.7122809886932373,0.9512624144554138,-9.865174293518066,-0.29010492178113667,-0.34881505835421533,-10.628391901308532,1.3443011468777162,3.2546854593177605,0.8676547364232382
1730865986.5332024,-1.7068431377410889,0.9788713455200195,-9.853630065917969,-0.29380668388085796,-0.33078346197333547,-10.63252527453577,1.344068687997948,3.2499079633674874,0.8282873574939608
1730865986.5831854,-1.6831456422805786,0.9706689715385437,-9.848886489868164,-0.29546519346485295,-0.3098613371869497,-10.637272418975709,1.347833787873354,3.233540621871027,0.8675256243084138
1730865986.633149,-1.6882742643356323,0.9386070966720581,-9.833887100219727,-0.29504050980538515,-0.28703363172679186,-10.64239185168924,1.3585648662996574,3.2163030709546847,0.8673126360172289
1730865986.6830916,-1.6487241983413696,0.9331187009811401,-9.856646537780762,-0.2926007374843317,-0.26335566022700774,-10.647562873567521,1.3624906156513816,3.2044347761598835,0.8262027923908393
1730865986.7332406,-1.6503140926361084,0.9914060235023499,-9.869145393371582,-0.2882819002763317,-0.2398327669180111,-10.652449266247196,1.3655788274401484,3.1922945547108847,0.7598868832250768
1730865986.7831223,-1.653654932975769,1.0530986785888672,-9.866385459899902,-0.28225824652127096,-0.21738575562908397,-10.65676715095327,1.3680087409331532,3.1793480355609787,0.6655139810191952
1730865986.8331459,-1.6711368560791016,1.1038219928741455,-9.881413459777832,-0.27474127913474916,-0.19689623714777502,-10.660328315230773,1.3620696552689144,3.2062058781007052,0.8672012394201783
1730865986.8830895,-1.6635141372680664,1.1237807273864746,-9.887682914733887,-0.26599982915021997,-0.17924606575247595,-10.663051242713353,1.3716321345262592,3.1870984192457046,0.8662765556342631
1730865986.9331098,-1.7000523805618286,1.1052944660186768,-9.907082557678223,-0.25637194709667144,-0.16528254992911184,-10.664958832777966,1.3744923408393146,3.1784972000673593,0.8269328911078108
1730865986.9830785,-1.7337801456451416,1.0643322467803955,-9.900741577148438,-0.2462689694868863,-0.1557058827501211,-10.666169472399087,1.3766821982244748,3.184229385345541,0.8669064215762827
1730865987.0330215,-1.7809500694274902,1.0027430057525635,-9.888187408447266,-0.23618859199603123,-0.1509207063147418,-10.66687002098953,1.3789243551914598,3.1797352321257017,0.827012415167991
1730865987.0830975,-1.842326045036316,0.9253544807434082,-9.864981651306152,-0.226730966923555,-0.15090544587891339,-10.667264212527854,1.3806420697712816,3.1746882819008913,0.7578718632293147
1730865987.1329951,-1.8662633895874023,0.9591059684753418,-9.82202434539795,-0.21859823118981953,-0.15515583978412545,-10.667507001512996,1.3815355723189016,3.1601153743932575,0.8681655206547564
1730865987.182947,-1.8659101724624634,1.0211035013198853,-9.788679122924805,-0.21255222360265488,-0.16276908473602217,-10.667642339415313,1.3836785479406568,3.133620712827797,0.86696132600919
1730865987.2330148,-1.852946400642395,1.060731291770935,-9.746170997619629,-0.20931450494578696,-0.17267019054403,-10.667561757966638,1.3845758095769196,3.11986827563531,0.8278095721790356
1730865987.2829225,-1.807107925415039,1.0841679573059082,-9.735221862792969,-0.20943206926226737,-0.18385884237997718,-10.667000747733045,1.3862536775463616,3.1254301683999106,0.8675859642555526
1730865987.332899,-1.7742522954940796,1.0949370861053467,-9.745274543762207,-0.2131525577789536,-0.19555325669874513,-10.665585063777648,1.3871624147940393,3.1161304094783904,0.8279772387391653
1730865987.3829126,-1.760939121246338,1.108337163925171,-9.783616065979004,-0.22035021916919906,-0.20721983256075707,-10.662928180155827,1.3875401845491402,3.106172123258394,0.7608755909897622
1730865987.432888,-1.7140752077102661,1.1325119733810425,-9.814207077026367,-0.23052870812139858,-0.21854457074100508,-10.658755952184167,1.3873530931071156,3.0958361614614054,0.6683401236690922
1730865987.4828703,-1.7140752077102661,1.1325119733810425,-9.814207077026367,-0.24288659732178491,-0.2293914141434944,-10.653005315139094,1.3862861072120414,3.108564656865999,0.8676921871390579
1730865987.4828703,-1.7228047847747803,1.1736195087432861,-9.848456382751465,-0.2564230519874862,-0.23976178919062224,-10.645852868063526,1.3862768673251806,3.10831824058025,0.8666030528589558
1730865987.5328202,-1.7228047847747803,1.1736195087432861,-9.848456382751465,-0.2700757763312991,-0.24975967418245898,-10.637682090596309,1.3910698756210602,3.0836072606498437,0.8685956508042075
1730865987.5328202,-1.7329121828079224,1.2117846012115479,-9.875982284545898,-0.28285946942636475,-0.25956321750467076,-10.629024756616227,1.3910788741073616,3.0835208004241434,0.8684017443461624
1730865987.5828283,-1.772902011871338,1.2141526937484741,-9.901106834411621,-0.29397242440268123,-0.2693972959308575,-10.62049877380431,1.3919076040174014,3.0716190107892256,0.828953168862775
1730865987.6328387,-1.7590550184249878,1.1910924911499023,-9.938519477844238,-0.3028691983262432,-0.2794962219812247,-10.612758305053237,1.3919878542999882,3.0592796499822863,0.7642375713218896
1730865987.6828017,-1.733012318611145,1.1685441732406616,-9.950944900512695,-0.3092807270646508,-0.29004180229545196,-10.606457968364632,1.3913013083774821,3.0459500445685856,0.6714405445562408
1730865987.7326968,-1.7151740789413452,1.1147767305374146,-9.95865249633789,-0.31316117774387064,-0.3010840238198763,-10.602211051421968,1.3934895655534603,3.0771905888623414,0.8680294712454566
1730865987.7827878,-1.736451268196106,1.0591741800308228,-9.942071914672852,-0.31460591912204755,-0.3124710916181628,-10.600527388035443,1.3931893064259742,3.072467553780687,0.8274018496687817
1730865987.8327873,-1.73735511302948,1.0322500467300415,-9.918829917907715,-0.31380691564202823,-0.32381166636318226,-10.60173807501836,1.3986389863032673,3.059384115885623,0.8681726540817649
1730865987.8827214,-1.73735511302948,1.0322500467300415,-9.918829917907715,-0.3110460681658641,-0.334499264544572,-10.605931850606364,1.3997324415806978,3.0502770389525735,0.8292568485286301
1730865987.8827214,-1.719826340675354,1.0353509187698364,-9.87451171875,-0.30668090360249584,-0.34381307401721123,-10.612929111532244,1.3997669145826122,3.049801663263523,0.8266347402872233
1730865987.9328024,-1.7052642107009888,1.0351123809814453,-9.849233627319336,-0.3011024518687664,-0.35105649767979036,-10.622290621593407,1.4022804570174707,3.046646086936668,0.8687601744443502
1730865987.9826906,-1.7467628717422485,1.0650461912155151,-9.784399032592773,-0.2946914064195048,-0.35567895133140964,-10.633338824006074,1.4033000430023368,3.0379541614522183,0.8302620036472089
1730865988.0327432,-1.7832800149917603,1.0429422855377197,-9.766934394836426,-0.2878167951184525,-0.35735573423918643,-10.645189515336584,1.4035987912531565,3.0283018080522988,0.7648364604983757
1730865988.0826964,-1.7601450681686401,1.0357491970062256,-9.740859031677246,-0.2808707605798001,-0.3560113946122718,-10.656813439345193,1.4063638612908091,3.0397483608041123,0.867780705836028
1730865988.1327772,-1.7461063861846924,1.0197616815567017,-9.776531219482422,-0.2742683490360891,-0.3517835682025069,-10.667144665083573,1.4066404938504642,3.0353705795391726,0.8276064149488476
1730865988.1826465,-1.6972594261169434,1.0352085828781128,-9.787409782409668,-0.2683789147110329,-0.3449633403618598,-10.675227281042726,1.4062123154615183,3.0299721334192267,0.7584600829128133
1730865988.2327268,-1.6702131032943726,1.0336339473724365,-9.819847106933594,-0.2634335240236102,-0.335952891181051,-10.680359295511643,1.4089714584854915,3.0275554437513,0.8684126127796737
1730865988.2826822,-1.6448779106140137,1.0580095052719116,-9.837169647216797,-0.25946282742571586,-0.32524462817114286,-10.682186257335395,1.4091240615664777,3.0219657379481366,0.8292727546148873
1730865988.3327272,-1.6663782596588135,1.0500309467315674,-9.877737045288086,-0.2562977231506965,-0.3134041401675892,-10.680729769524921,1.4086293980589684,3.015534292946757,0.7630054792160387
1730865988.3826835,-1.6723994016647339,1.0376133918762207,-9.877036094665527,-0.2536387574324337,-0.30103714897656175,-10.67636270450997,1.4126903181969153,3.0168848817530445,0.8678361853620039
1730865988.4326777,-1.7289272546768188,1.017151117324829,-9.89578628540039,-0.2511669435734601,-0.2887300894589119,-10.669738446896705,1.4129600278440446,3.011994670268298,0.8279279130190353
1730865988.4825826,-1.7289272546768188,1.017151117324829,-9.89578628540039,-0.24865295425352732,-0.27698248150634974,-10.661685730688532,1.4143391650092363,3.0029377200522185,0.8677461799770835
1730865988.4825826,-1.770914077758789,0.9719029068946838,-9.889982223510742,-0.24602559999478285,-0.26615862835383075,-10.653093937918424,1.4143581512472252,3.0026090343500242,0.8665147085314003
1730865988.5326722,-1.821397304534912,0.9575098752975464,-9.89642333984375,-0.24339217284651543,-0.25645825968716235,-10.64480841964566,1.4172241584037901,2.9926736784193837,0.8653571100797546
1730865988.5825543,-1.821397304534912,0.9575098752975464,-9.89642333984375,-0.24103184392150545,-0.24790556681047896,-10.637550927495763,1.4176952512452674,2.9859041296059448,0.8253688558203961
1730865988.5825543,-1.795204520225525,0.9788376688957214,-9.891899108886719,-0.23934956981057787,-0.24038127854816588,-10.631873676941714,1.4176965132389314,2.9858510765939137,0.8249691571375857
1730865988.6327746,-1.7501863241195679,1.0390020608901978,-9.903857231140137,-0.23876348629921998,-0.23370802188479334,-10.628140582549372,1.417565426683937,2.9784823273079475,0.7583347393288521
1730865988.682627,-1.7002607583999634,1.0727061033248901,-9.919292449951172,-0.2395579245919432,-0.2277633987980599,-10.62653356386372,1.4181024920815284,2.978498340411847,0.8624702138871847
1730865988.7327375,-1.6667609214782715,1.0652209520339966,-9.919170379638672,-0.24176802802082056,-0.22256419438238856,-10.627082733611068,1.417803106588511,2.972230064308821,0.8217619782376065
1730865988.7825515,-1.665529727935791,1.0753382444381714,-9.89242172241211,-0.2451431958392709,-0.21826734811517634,-10.629695505053302,1.4156501292303836,2.9617342588868505,0.8601382480365247
1730865988.8325572,-1.6985172033309937,1.0572881698608398,-9.882417678833008,-0.24920803208566777,-0.21509908032944444,-10.634160014840575,1.4128653770064439,2.9565174915273627,0.860008094383051
1730865988.882445,-1.7371740341186523,1.0111711025238037,-9.85409927368164,-0.25340232859567513,-0.21326127254990002,-10.640135341071092,1.410514955751199,2.950335006559167,0.8198741944133651
1730865988.9324703,-1.7544313669204712,1.000644326210022,-9.824776649475098,-0.2572394671855036,-0.2128405299471041,-10.64715278025312,1.4074946824003063,2.943546119816544,0.7524676282702635
1730865988.9824548,-1.7063446044921875,1.1010544300079346,-9.80467414855957,-0.26040178654551704,-0.21376852406484187,-10.65463259854663,1.403857746879134,2.9362911090839403,0.6591266652661798
1730865989.0325005,-1.6983377933502197,1.1354646682739258,-9.792654037475586,-0.26272830274533027,-0.21589626824505487,-10.661918868166566,1.4116648761802217,2.9426377110610673,0.8597346145134068
1730865989.0824192,-1.6893271207809448,1.1666884422302246,-9.810426712036133,-0.264140606673003,-0.2191309008347946,-10.668341638782865,1.4100078814396595,2.937138699265438,0.8178846241086
1730865989.1325264,-1.6754010915756226,1.1742572784423828,-9.828766822814941,-0.26458842246353365,-0.22350713977892697,-10.673305357980801,1.407800584084701,2.931414004500809,0.7523918000044604
1730865989.1824174,-1.6754010915756226,1.1742572784423828,-9.828766822814941,-0.2640349639661876,-0.22915727603870695,-10.676378612867106,1.409985902894607,2.9283274485658675,0.8619237084031153
1730865989.1824174,-1.7070671319961548,1.160330057144165,-9.823795318603516,-0.2624667759446282,-0.23623069892729665,-10.67734365076527,1.4099789340424767,2.928299669958451,0.8617640245299316
1730865989.232497,-1.7501695156097412,1.1174073219299316,-9.815505981445312,-0.2599324831512193,-0.24480333937047422,-10.676187268423686,1.4085170994217158,2.9234543937840924,0.8224128339736035
1730865989.2824166,-1.7947195768356323,1.0566407442092896,-9.81182861328125,-0.25660425998205166,-0.25478869474558147,-10.67305521431533,1.4064001323726558,2.9179494795296024,0.7561426406350444
1730865989.3323934,-1.8225256204605103,1.017909288406372,-9.826376914978027,-0.25282407844159016,-0.26586379324376697,-10.6682042795399,1.4096455864003985,2.912207665686034,0.8635938066503601
1730865989.382296,-1.8545455932617188,1.0182547569274902,-9.820207595825195,-0.249100949362419,-0.2774498315132318,-10.66197016114361,1.408447273712968,2.9054701343655567,0.8235101719586194
1730865989.4323668,-1.8437436819076538,0.9885451197624207,-9.831924438476562,-0.24605488312748397,-0.2887772923401247,-10.654744753787803,1.4132831341930003,2.8957052556654364,0.8662373639046889
1730865989.4832647,-1.854922890663147,0.9920442700386047,-9.837481498718262,-0.24432256351214487,-0.29900347887665407,-10.646952162720941,1.416504227367102,2.87448750343065,0.8648711996059731
1730865989.5323675,-1.8193737268447876,0.9825503826141357,-9.86611557006836,-0.24444937856150045,-0.3073287967056737,-10.639029158251693,1.4177582834423497,2.85916888443256,0.8252605081997522
1730865989.5823808,-1.7849949598312378,1.0073680877685547,-9.873540878295898,-0.24678914923631567,-0.31309447759297204,-10.631416516098085,1.4184132058135126,2.8429401502777023,0.7588558258930026
1730865989.632306,-1.7423224449157715,1.0025094747543335,-9.91122817993164,-0.2514226869810612,-0.31586059000501004,-10.624554671684074,1.41809644860303,2.87070125712388,0.8653124085502576
1730865989.6823242,-1.6995593309402466,1.0189757347106934,-9.917070388793945,-0.25811228180519974,-0.3154513312885643,-10.61887619526317,1.417954436208391,2.8656171315445054,0.8254279398382568
1730865989.7332528,-1.6517908573150635,0.9847493171691895,-9.939329147338867,-0.2663059538258651,-0.3119522816335454,-10.614790089343623,1.417142958314182,2.859677834102021,0.7580618239630736
1730865989.783195,-1.656044363975525,0.9893444180488586,-9.941885948181152,-0.2751930597252229,-0.30565885025969053,-10.612654380799263,1.4156595067185476,2.8530299094495883,0.6647616552313601
1730865989.8332458,-1.6803853511810303,0.9956797361373901,-9.908869743347168,-0.28381994986884085,-0.2970048201856208,-10.612735324250194,1.4197991593722148,2.8562416557787715,0.865583789045888
1730865989.8831465,-1.6845344305038452,1.0396987199783325,-9.866710662841797,-0.29125479320606207,-0.28651702674938345,-10.615146230168452,1.419283943848472,2.851172238638229,0.826066920172213
1730865989.9330547,-1.6672759056091309,1.050919532775879,-9.852785110473633,-0.29673554550129183,-0.27480916156370083,-10.619779534018964,1.4218650858734516,2.8397525717350525,0.8658078419210196
1730865989.9831295,-1.6672759056091309,1.050919532775879,-9.852785110473633,-0.29973961297743057,-0.2625757453474279,-10.626283222797053,1.4215822242228295,2.8321776767322446,0.8257570502653456
1730865989.9831295,-1.6621510982513428,1.0339312553405762,-9.819071769714355,-0.29998658283808777,-0.2505435382326078,-10.63410616497734,1.4215769296763154,2.8321147038445154,0.8253303183336781
1730865990.0331433,-1.6568610668182373,1.025267481803894,-9.807981491088867,-0.2974170747682604,-0.23938531969005905,-10.642572614110502,1.4239200930454903,2.8238709461175313,0.8659562135898827
1730865990.0830455,-1.6647932529449463,0.9861078262329102,-9.790313720703125,-0.2921652093962572,-0.22963267433870355,-10.650948428401717,1.432327458063496,2.8101545899117393,0.8657212760434914
1730865990.1330535,-1.7074216604232788,0.9655781388282776,-9.793023109436035,-0.28453521626039824,-0.22160989716333368,-10.658504555414723,1.434750270725995,2.8011115239278186,0.8257874635862534
1730865990.1830227,-1.7465771436691284,0.961005449295044,-9.801658630371094,-0.274999298237299,-0.2154020306604465,-10.664588245153281,1.4364762174660888,2.79149739667928,0.7589724784964546
1730865990.2330878,-1.7390143871307373,0.9975826740264893,-9.821185111999512,-0.26419993147737975,-0.2108812550415904,-10.668696427346193,1.4375199071498554,2.781407484447891,0.6659481700388397
1730865990.2829828,-1.7329990863800049,1.0464118719100952,-9.866816520690918,-0.25290538226710696,-0.20780195893192027,-10.670542142526461,1.4355506169270194,2.8016695812053025,0.8733021118141376
1730865990.3329709,-1.728697657585144,1.084028720855713,-9.884483337402344,-0.24190833615022117,-0.20593098303596655,-10.670104337992939,1.4360807042133557,2.797234753733367,0.8350282464371024
1730865990.3829608,-1.7159228324890137,1.0645145177841187,-9.91328239440918,-0.23191739702353698,-0.20514263456857007,-10.667641767427902,1.4360190682320224,2.792266722046293,0.7698545006429179
1730865990.4329686,-1.7388731241226196,1.0156816244125366,-9.924715042114258,-0.2234859275253189,-0.20541473455272424,-10.663656281072932,1.4426795235987258,2.7873969979933575,0.8799630940721967
1730865990.482987,-1.7301214933395386,0.9584684371948242,-9.917142868041992,-0.21698913174774595,-0.20672594870581823,-10.658813189341636,1.4442164793719832,2.781655398001638,0.8421697105913386
1730865990.5329762,-1.7715308666229248,0.9568632245063782,-9.898580551147461,-0.21263939804532464,-0.20893344325219956,-10.653832762688136,1.4452109668234492,2.7754174602744857,0.7779157860860316
1730865990.5829613,-1.7829663753509521,1.0063217878341675,-9.873530387878418,-0.21052483040406136,-0.2117347792502677,-10.649370076274074,1.4473006243734474,2.7749233568046003,0.879785049709934
1730865990.6329951,-1.784666895866394,1.0894360542297363,-9.825892448425293,-0.21065181370914116,-0.2147614098348256,-10.64590770664726,1.455119133907947,2.7592402123915987,0.8818051113060975
1730865990.682882,-1.7817027568817139,1.1124341487884521,-9.802587509155273,-0.21296331527372425,-0.21774562402776432,-10.643679812835984,1.457718760842876,2.7513273171284722,0.8429242862346695
1730865990.7329485,-1.8069463968276978,1.069577693939209,-9.794100761413574,-0.21733294702132544,-0.2206274919926141,-10.642646988522062,1.4547784509833361,2.746484913098807,0.8831294718917955
1730865990.7828724,-1.8282772302627563,1.0317469835281372,-9.777176856994629,-0.2235711436134194,-0.2235115605283014,-10.642535308070524,1.454997586042692,2.738843711242897,0.8437635934863115
1730865990.8329248,-1.8086309432983398,0.9780289530754089,-9.787330627441406,-0.23145110748647904,-0.22651846170522905,-10.642920068585742,1.454650129458213,2.730694841370003,0.7782245554156594
1730865990.882811,-1.7746028900146484,0.9769061803817749,-9.805763244628906,-0.24071330345217257,-0.22965021218750586,-10.643325268341835,1.4564806386147977,2.7338341893242144,0.8763287057934992
1730865990.9329207,-1.7505555152893066,0.9717637896537781,-9.814627647399902,-0.2510281850879688,-0.2327463211136233,-10.643323190366855,1.4563453344937023,2.727478648103755,0.8345333264778262
1730865990.9828708,-1.7344468832015991,0.9681647419929504,-9.830573081970215,-0.2619573059900134,-0.23552801932394055,-10.642612054533007,1.457810077482841,2.717936420786295,0.8713907676356673
1730865991.032902,-1.716084361076355,0.9810194373130798,-9.874089241027832,-0.27295599224814265,-0.23767819920878389,-10.641059002507653,1.4575526596744377,2.709659433227076,0.8291384926880051
1730865991.0829122,-1.7399864196777344,0.9944967031478882,-9.884263038635254,-0.28342107227994645,-0.23891739721857327,-10.638720107946034,1.4565997312743577,2.700793682163301,0.7603130057468155
1730865991.1328905,-1.755893588066101,1.011995792388916,-9.894492149353027,-0.29277273928241,-0.2390662018977236,-10.635834069448475,1.4549272578508243,2.6913336505223184,0.6649309227295943
1730865991.1828034,-1.7652020454406738,0.9871013760566711,-9.90945053100586,-0.30054816877995677,-0.2380793341762635,-10.632776020899708,1.458727139818647,2.7080240002977676,0.8736810824353748
1730865991.2330444,-1.7312488555908203,0.9526388645172119,-9.91716194152832,-0.3064590091283822,-0.2360264708099598,-10.629989528211379,1.4578940444501929,2.704050174862837,0.8337221479790053
1730865991.2828124,-1.7127916812896729,0.9368029236793518,-9.927952766418457,-0.31037864744746785,-0.23302423266624897,-10.627924128428537,1.4605337375771255,2.6896097817455082,0.8737809385002698
1730865991.3329804,-1.707629680633545,0.9679844379425049,-9.934852600097656,-0.3122851570268,-0.2291765005372708,-10.626985469171455,1.4600853142369086,2.681334987500572,0.8335366442243508
1730865991.382801,-1.7144964933395386,0.9829756617546082,-9.936473846435547,-0.3122192606017961,-0.22457844811575173,-10.627497210989612,1.461977099630322,2.6749638179771296,0.8738023730939187
1730865991.4330025,-1.711377739906311,0.9690133333206177,-9.930072784423828,-0.31028077439390594,-0.21936192461788911,-10.629672114593973,1.461580411683433,2.6663400146103355,0.8340691750732144
1730865991.4828105,-1.6874150037765503,1.003225326538086,-9.910088539123535,-0.3066344880103365,-0.21371955214797955,-10.633587106410822,1.4604175756972462,2.657201754926637,0.7680023809830924
1730865991.5327723,-1.64911687374115,1.0385918617248535,-9.883227348327637,-0.3014885044521149,-0.2079056032761774,-10.639159691795097,1.4642892267085272,2.663505534267766,0.8737074765325444
1730865991.5826924,-1.6716076135635376,1.0810819864273071,-9.850255012512207,-0.2950504704632551,-0.2022501998241793,-10.646129609280194,1.4664236393106909,2.645997485570298,0.8733177889378541
1730865991.6327002,-1.710776925086975,1.0631245374679565,-9.817718505859375,-0.2875162547014881,-0.1971706738959685,-10.65405521344957,1.4665204112116341,2.636094406640422,0.8332545681725414
1730865991.682723,-1.7603882551193237,1.0548086166381836,-9.771379470825195,-0.27912453611095517,-0.19313031450637835,-10.66233029651423,1.465909022222106,2.625696410633386,0.7665197068985823
1730865991.7327182,-1.780017375946045,1.0390864610671997,-9.753029823303223,-0.2702329081669337,-0.19054499058703436,-10.670220885635288,1.4646077350258753,2.6147981783078134,0.6729150848809403
1730865991.7827804,-1.80046808719635,0.997421383857727,-9.74361515045166,-0.26134555159254663,-0.18968700374489278,-10.676927769209097,1.4626507548437901,2.603480515894372,0.553185845129351
1730865991.8326533,-1.7829225063323975,0.9877402186393738,-9.753212928771973,-0.25306839498382,-0.1906195112877732,-10.681680274116388,1.4683899338025632,2.638192410538394,0.8736766187170892
1730865991.8826773,-1.7783112525939941,0.9408013224601746,-9.76539134979248,-0.2460134224677179,-0.19317018082114995,-10.683845367233298,1.4679559044909043,2.6347027546002315,0.8336128156342636
1730865991.9327798,-1.764708399772644,0.9463090896606445,-9.794354438781738,-0.24069295086249481,-0.1969472131775521,-10.683023663013055,1.4669063038147618,2.6307053860454737,0.7664286835037771
1730865991.9827144,-1.7575199604034424,0.9533030986785889,-9.834749221801758,-0.2374426447161383,-0.20139984217466234,-10.679116040051257,1.4652549584289427,2.6262105794291704,0.6723851586364101
1730865992.032818,-1.7700085639953613,0.9615200161933899,-9.868856430053711,-0.23639204567320246,-0.2059187564011498,-10.672356565252095,1.4671430578617217,2.622825529026256,0.8740812891431785
1730865992.08271,-1.7764135599136353,0.9758641123771667,-9.899789810180664,-0.23748301067560346,-0.20994474491268825,-10.663303985028964,1.466094938018978,2.6181098831807996,0.8344075057767606
1730865992.1328368,-1.765599012374878,0.9966424703598022,-9.926892280578613,-0.24051663443454857,-0.21305084045497022,-10.652785685105924,1.4664000137644175,2.5989843754832602,0.8739921507448207
1730865992.1826262,-1.7193082571029663,1.0032620429992676,-9.960254669189453,-0.2451878563433062,-0.21498992157714955,-10.641806846247196,1.4652012995375223,2.5891252586614018,0.8342104076384554
1730865992.2326357,-1.7072157859802246,1.0042129755020142,-9.956831932067871,-0.25108554624266344,-0.21570479710548504,-10.631444549260777,1.4657394604100102,2.5894678970133818,0.8745159779266776
1730865992.2826283,-1.711317539215088,1.0111446380615234,-9.957853317260742,-0.25769183379634125,-0.2153003972769667,-10.622732082278905,1.464430015009388,2.5817097166039775,0.8345012400889642
1730865992.332631,-1.6753085851669312,1.0141881704330444,-9.950169563293457,-0.26441975849712945,-0.21399636301068375,-10.616541181644383,1.4624922079135905,2.5735323397768286,0.7687290261089541
1730865992.3826227,-1.6996002197265625,1.0512723922729492,-9.896028518676758,-0.2706738609143923,-0.2120860291375597,-10.613480377434527,1.4598688361388656,2.564748463418162,0.6758597832685583
1730865992.432669,-1.7402008771896362,1.0354528427124023,-9.851665496826172,-0.2759192358608482,-0.2099119069834281,-10.613812259509366,1.4565484219405114,2.555404686912964,0.5559498765072539
1730865992.4825914,-1.7591097354888916,1.02212655544281,-9.803983688354492,-0.27976977105331996,-0.20783548884896197,-10.617395918908255,1.4653420745580945,2.574034797783832,0.8749457177239681
1730865992.5326178,-1.7427129745483398,0.9874998927116394,-9.803582191467285,-0.2820573897560194,-0.20617622997227109,-10.62369008430712,1.464180996774299,2.5697282071241205,0.8353355014898511
1730865992.5826397,-1.7228293418884277,0.9820601344108582,-9.785097122192383,-0.28282188319805923,-0.20513924358674715,-10.63184070003377,1.4623113836275725,2.5649026811374958,0.7690677668059865
1730865992.6326902,-1.6987817287445068,0.9660440683364868,-9.817758560180664,-0.28222960100913497,-0.20477526453520262,-10.64083049888602,1.4646116970134337,2.5617727565431796,0.8744825939013282
1730865992.6826026,-1.6742043495178223,0.9617681503295898,-9.856256484985352,-0.28047891796421304,-0.20498813391289267,-10.649652309177789,1.463334426781602,2.5567035613684896,0.834775689046496
1730865992.7325442,-1.6444201469421387,1.0310972929000854,-9.862499237060547,-0.27773045561467447,-0.20558548741833388,-10.657470924292472,1.461345681813201,2.5510674288531248,0.7680062597300569
1730865992.7825356,-1.6260857582092285,1.1234307289123535,-9.882363319396973,-0.2740686645902258,-0.20638543949967608,-10.66372649619481,1.467013779219048,2.541296168951263,0.8745423062371992
1730865992.8324914,-1.620949149131775,1.2043293714523315,-9.856339454650879,-0.2694960041393224,-0.2073690658080547,-10.668151033427707,1.4686373826896086,2.5260007781827873,0.874681388294257
1730865992.8824756,-1.6714891195297241,1.2313733100891113,-9.861278533935547,-0.26396969797921743,-0.20879590472807147,-10.670716133847328,1.468410043498171,2.517446044364437,0.8346326062919804
1730865992.9324923,-1.710225224494934,1.2131221294403076,-9.84231185913086,-0.25748642235617997,-0.21119097066401954,-10.671552542127182,1.4687930276164918,2.5124151286882817,0.8746854383246545
1730865992.982519,-1.7272160053253174,1.1820696592330933,-9.845015525817871,-0.2501792893136432,-0.215194674615629,-10.670877475479806,1.4681513379083808,2.5042726211617063,0.8346569234392208
1730865993.0324714,-1.7083401679992676,1.133603811264038,-9.850532531738281,-0.24235589565034715,-0.22135207620827047,-10.668947011086512,1.4668969828137102,2.495607200002996,0.7681167461962615
1730865993.0824752,-1.7381671667099,1.1056199073791504,-9.842732429504395,-0.23445138431392754,-0.22993486857937395,-10.666033104393929,1.4704567660363226,2.5002165182542515,0.8746958028700796
1730865993.1324332,-1.7566522359848022,1.1127612590789795,-9.829154014587402,-0.22695332235500684,-0.24085788311275141,-10.66240841752661,1.4701361500087724,2.4938059410474365,0.8345303971245105
1730865993.1823742,-1.727867841720581,1.0883077383041382,-9.850173950195312,-0.22034711690022937,-0.25370532598786394,-10.658327179874053,1.4708537055365607,2.4840138721531813,0.8746814652991091
1730865993.23233,-1.7041118144989014,1.0726383924484253,-9.855253219604492,-0.2150571018832415,-0.26782210094088255,-10.654018608901756,1.4715939544784933,2.4792551926545396,0.8746693099744429
1730865993.2822855,-1.7010587453842163,1.0759097337722778,-9.843626022338867,-0.21136935171126425,-0.28241250662384443,-10.64969681995533,1.4712598019001173,2.4728626982576807,0.8350710673942048
1730865993.3323486,-1.6974775791168213,1.0982104539871216,-9.827469825744629,-0.20938373175772462,-0.29664013133697753,-10.645556868006947,1.4703943409314473,2.4656736924953306,0.7683321649201041
1730865993.3822632,-1.7198864221572876,1.0971673727035522,-9.819644927978516,-0.20902749433176576,-0.3097369893284529,-10.64174643029438,1.4732005046989278,2.4665794027073793,0.8747393221171084
1730865993.432354,-1.7360528707504272,1.0769758224487305,-9.806131362915039,-0.21011429860351782,-0.3210887291665759,-10.63833895364019,1.47287678938318,2.4613391074211366,0.8347082448411843
1730865993.4822721,-1.7602380514144897,1.027897596359253,-9.823369026184082,-0.212418238224954,-0.3302535142691666,-10.635330678428925,1.475165457325978,2.4493258576098573,0.8692847157124184
1730865993.5322561,-1.7918554544448853,1.002516269683838,-9.830001831054688,-0.21573844560766164,-0.33691827512027994,-10.632666695981559,1.4751995999427845,2.440820844491781,0.8277632754594468
1730865993.582256,-1.8241716623306274,1.004250407218933,-9.85003662109375,-0.2199453901548641,-0.34084736043515934,-10.630285845231,1.476498704843161,2.4456899789726148,0.8654283996276471
1730865993.6322596,-1.8300392627716064,1.0330023765563965,-9.865439414978027,-0.22500418806570022,-0.3418822826725231,-10.628163209237401,1.4764391889047621,2.4405257222665058,0.8233878591383634
1730865993.682285,-1.8227252960205078,0.9941720962524414,-9.894720077514648,-0.23095950454960784,-0.3399879494870188,-10.626338159652605,1.4777425903788135,2.4292613392895275,0.862267801223657
1730865993.7321916,-1.8125964403152466,0.984086275100708,-9.916444778442383,-0.23787887946538866,-0.33527757065853947,-10.624929025977414,1.477502163287476,2.4217092401147116,0.8210326997426075
1730865993.782244,-1.8005493879318237,0.938450038433075,-9.92543888092041,-0.24578235147999183,-0.32797794206970965,-10.624131669541622,1.479223206995854,2.414247440063538,0.8582848251981202
1730865993.8321931,-1.77671217918396,0.9150670766830444,-9.908173561096191,-0.25458947331655574,-0.31836465556990245,-10.624189350438531,1.4790187901492264,2.4057248816825383,0.816481493992876
1730865993.8821461,-1.7322567701339722,0.8873875141143799,-9.905689239501953,-0.26408754834484227,-0.3067068180763368,-10.62533110286376,1.4808719271162192,2.409605019392862,0.8541618261959856
1730865993.932169,-1.736463189125061,0.9164165258407593,-9.879691123962402,-0.2739174746983284,-0.2932474450462647,-10.627702228498244,1.480873407544452,2.4034456430444187,0.8117058701934737
1730865993.9821665,-1.7523130178451538,0.8981439471244812,-9.861740112304688,-0.28360044809285784,-0.278230091613075,-10.631312948240012,1.480175251640853,2.3965618035057803,0.7425214168777174
1730865994.0320923,-1.746532917022705,0.9179512858390808,-9.819506645202637,-0.2926185620758803,-0.2619432644694222,-10.636009600578495,1.4816067896180098,2.3969617214107974,0.8612858464307906
1730865994.0821738,-1.724256992340088,0.9184882044792175,-9.811258316040039,-0.3005013113336089,-0.24474559245526978,-10.641467325892208,1.4808644674289055,2.3922415478306993,0.8219843335732003
1730865994.1321528,-1.7366992235183716,0.9174600839614868,-9.80569076538086,-0.306868650135267,-0.22706551526030716,-10.647216393253657,1.4837572608590464,2.378532136347084,0.8661744071563489
1730865994.1830847,-1.7384535074234009,0.9134841561317444,-9.805693626403809,-0.3114473562785988,-0.2093784423251639,-10.65270930376267,1.4835376600614294,2.369257597131109,0.8275069019841397
1730865994.2321746,-1.7307274341583252,0.9106104969978333,-9.817106246948242,-0.31408824100864174,-0.19216614295660317,-10.65740864022693,1.482555030310407,2.359820628918445,0.7639626428416754
1730865994.282191,-1.7307274341583252,0.9106104969978333,-9.817106246948242,-0.3147718600557467,-0.17587481730341215,-10.66086666982091,1.4807778699518666,2.3497789488195564,0.673006896327232
1730865994.282191,-1.7511793375015259,0.9041668772697449,-9.831624984741211,-0.3135971241787416,-0.1608837123701244,-10.662780140500239,1.4807622081528504,2.3497049797001868,0.6722547038883013
1730865994.3330402,-1.777140498161316,0.9190519452095032,-9.860617637634277,-0.31077572340825976,-0.14748698492669182,-10.663020410166682,1.4848443774699034,2.3689636055266345,0.8682210920420077
1730865994.382996,-1.7887539863586426,0.961969256401062,-9.864226341247559,-0.3066381027337215,-0.13589867770036151,-10.661647360147933,1.4841157795129174,2.3646124373529966,0.8290846102074355
1730865994.4329398,-1.8003134727478027,0.9966579675674438,-9.883182525634766,-0.3016261986123402,-0.12629106213991462,-10.658901467917412,1.4878178068409444,2.3512192018803924,0.8729425684134233
1730865994.4829192,-1.7835534811019897,1.0239983797073364,-9.88719367980957,-0.2962531296158936,-0.11884548589960015,-10.65516664727102,1.4887983519826677,2.3371662057149076,0.8766314658400572
1730865994.5329266,-1.8169035911560059,0.9969468712806702,-9.895212173461914,-0.2910406062007582,-0.11376742406848075,-10.650915215319387,1.4884668582840466,2.3290705595925414,0.8388895541653185
1730865994.5829685,-1.7890260219573975,1.0100274085998535,-9.889947891235352,-0.2864633909810095,-0.11124143613658662,-10.646647473362814,1.4874048843626388,2.3206027872499395,0.7739270661714562
1730865994.6329496,-1.7764229774475098,1.028435230255127,-9.884193420410156,-0.28290554575870386,-0.11136553214257228,-10.642830841225955,1.4899730885559435,2.325575167752394,0.8746310593847828
1730865994.682923,-1.7498564720153809,1.0194084644317627,-9.868861198425293,-0.28061245422288283,-0.11412059646596324,-10.639844024543235,1.4894444456422569,2.319896865865306,0.8348585168498358
1730865994.732994,-1.780832290649414,1.0121283531188965,-9.863884925842285,-0.279657970841231,-0.11936893147721023,-10.637934485149797,1.490999108308809,2.3091317021042443,0.8745950065348946
1730865994.782883,-1.7752695083618164,1.0336276292800903,-9.832707405090332,-0.27996369367670804,-0.12685537097725103,-10.637195256932966,1.4921596972200435,2.304853726572181,0.8746381132992823
1730865994.8328643,-1.7676416635513306,1.042827844619751,-9.838238716125488,-0.2813549497149374,-0.13622609946783648,-10.637560984578815,1.4918190171392567,2.299393915940228,0.8347880169132516
1730865994.8828912,-1.734976053237915,1.002357840538025,-9.8591947555542,-0.283598969977172,-0.14706513661258327,-10.638832565252375,1.4907726313886391,2.2935728539101814,0.7683231649044778
1730865994.9328012,-1.7258036136627197,0.9995232820510864,-9.846471786499023,-0.2864068548577672,-0.15890905328453692,-10.640737024249933,1.4890272121536794,2.2874089318209245,0.6759299309294555
1730865994.9828503,-1.6948020458221436,1.037554383277893,-9.864567756652832,-0.2894276486801248,-0.17124916631356032,-10.642992824611266,1.4929891968443363,2.2918740599485306,0.8744553850676299
1730865995.0327816,-1.6881054639816284,1.084071397781372,-9.86878490447998,-0.2922581674570711,-0.18358202851641298,-10.64535264009055,1.4944955592925107,2.274584931677838,0.8747361794438862
1730865995.082739,-1.6937142610549927,1.0990065336227417,-9.886222839355469,-0.294474217820418,-0.19550668294554246,-10.647631127044983,1.494061974095649,2.2662734491262237,0.8349363556833431
1730865995.132742,-1.7129578590393066,1.1118263006210327,-9.871517181396484,-0.2956867751809354,-0.2067938130111427,-10.649720514906875,1.495656688695837,2.27178132804742,0.8746511379102108
1730865995.1827767,-1.727439284324646,1.0851564407348633,-9.877922058105469,-0.2956127631775751,-0.2173787767190074,-10.651582534141985,1.4951753640986922,2.2674393381852247,0.8347344193237255
1730865995.2326334,-1.7194104194641113,1.090301275253296,-9.859048843383789,-0.29412749192111,-0.2272957506854691,-10.65322031010229,1.493959223655521,2.2625460496776353,0.7682875889810165
1730865995.2827094,-1.7274836301803589,1.1033738851547241,-9.842823028564453,-0.2912714178336807,-0.23660663086636968,-10.654643788914893,1.4969923585596578,2.256315118707586,0.8747302540194746
1730865995.3327367,-1.7185791730880737,1.113782525062561,-9.810178756713867,-0.2872179773407998,-0.24536992214150272,-10.655833296650597,1.498849240295998,2.238280453476485,0.8746169848577019
1730865995.3827212,-1.7193470001220703,1.1037346124649048,-9.810206413269043,-0.28222764532490496,-0.2536423031047522,-10.656709307735241,1.498786094781183,2.227513745320454,0.8344901542806673
1730865995.432667,-1.7138681411743164,1.0915651321411133,-9.782984733581543,-0.27660299009516415,-0.26147345049349646,-10.65712605156665,1.499802238280907,2.237050980461985,0.8806354939501793
1730865995.482717,-1.7307789325714111,1.0431290864944458,-9.791460990905762,-0.27065377319263656,-0.2688756310363926,-10.656892280084358,1.4995195908808936,2.2317679431463713,0.8426011093096627
1730865995.5326688,-1.7260507345199585,1.0227890014648438,-9.78825569152832,-0.2646792595290251,-0.27577777367191486,-10.655808855260624,1.498574804601136,2.225884811868726,0.7786016032209618
1730865995.582597,-1.735649824142456,1.0484684705734253,-9.801615715026855,-0.2589605778737144,-0.28200119519611344,-10.6537150686948,1.5006112664627296,2.2235145807506416,0.8826314012745624
1730865995.6326466,-1.7156691551208496,1.0333582162857056,-9.819315910339355,-0.2537481247563098,-0.28729571518187,-10.650534013819843,1.4999863865981384,2.218594373475628,0.8438562847594709
1730865995.6825988,-1.741412878036499,1.0269052982330322,-9.841785430908203,-0.2492428481585749,-0.29141059438070105,-10.646308326186467,1.498723787749659,2.212889033788336,0.777927927352936
1730865995.7325475,-1.7508833408355713,1.0101121664047241,-9.867847442626953,-0.24559031195444478,-0.2941401305047673,-10.641221537341464,1.5027721999780477,2.2084459021857845,0.8820074477755133
1730865995.7827415,-1.7659556865692139,0.9678414463996887,-9.888303756713867,-0.24289776672191224,-0.29532828378833054,-10.63559943940129,1.5025322706300477,2.2020545672374334,0.8416638695369029
1730865995.8325865,-1.7543069124221802,0.9703053832054138,-9.90684986114502,-0.2412516776314403,-0.29485138906143665,-10.629887717510657,1.5016932865712667,2.195033432372627,0.7754992823164455
1730865995.8825617,-1.754528284072876,0.9535700678825378,-9.93415641784668,-0.2407112131665297,-0.2926079309754014,-10.62461019972551,1.5036899662213352,2.19505882191984,0.881856423457507
1730865995.9324784,-1.7336021661758423,0.9543789029121399,-9.948156356811523,-0.2412826404970605,-0.2885337328316869,-10.620320060481323,1.5031789890153884,2.189409109405007,0.8420867768175706
1730865995.9824681,-1.7182676792144775,0.93790203332901,-9.947162628173828,-0.24289171191059425,-0.28262665658533953,-10.617548387492139,1.5064598538432357,2.177485869136669,0.881850496008959
1730865996.0325537,-1.6986926794052124,0.8948103785514832,-9.920011520385742,-0.2453646047964767,-0.2749522305669466,-10.616740153198307,1.506708433968879,2.168286409579986,0.8419783818074633
1730865996.0824654,-1.7180808782577515,0.8512968420982361,-9.896663665771484,-0.24843089639313082,-0.26561356486502613,-10.618176226791736,1.5063398173707245,2.158409717437877,0.7755562567207502
1730865996.1324282,-1.7194018363952637,0.8457827568054199,-9.867968559265137,-0.2517628556976407,-0.2547028197885632,-10.621904762152301,1.5053525363738924,2.1479375330236232,0.6831201821572858
1730865996.1824112,-1.7430506944656372,0.8367812633514404,-9.817028999328613,-0.2550406489941137,-0.2422827837915713,-10.62770623603052,1.5037343814977333,2.1368283626162303,0.5641339855726729
1730865996.232401,-1.7316434383392334,0.8412896394729614,-9.781266212463379,-0.2580102557099015,-0.22841709995115686,-10.635092430683773,1.506932917601242,2.1608485119083625,0.8775341756980749
1730865996.282378,-1.7355387210845947,0.8277090787887573,-9.793851852416992,-0.2605081413038967,-0.21321622684136549,-10.643344181320721,1.5062160880487574,2.156154612886081,0.8368498790502861
1730865996.3323305,-1.7269377708435059,0.8146032691001892,-9.81832504272461,-0.26245207626433115,-0.19686146051417136,-10.651613113664215,1.5048499140804157,2.150964162617947,0.7697593541945282
1730865996.382351,-1.7212116718292236,0.7870821356773376,-9.858952522277832,-0.26381643723928944,-0.1795944043838053,-10.659080521205052,1.5102910509893392,2.145261773825097,0.8731622921458289
1730865996.432317,-1.696489691734314,0.772292971611023,-9.891511917114258,-0.26460419589440476,-0.1616824231346132,-10.665116460437627,1.5103215513233827,2.139140358590655,0.8319579055906687
1730865996.4823413,-1.687904953956604,0.803007185459137,-9.92407512664795,-0.2648167644004972,-0.14339073522866896,-10.669384368616159,1.5096868405249242,2.1325714879201287,0.7635028611095875
1730865996.5323782,-1.6740888357162476,0.8443935513496399,-9.927770614624023,-0.26443053220618407,-0.12499777903421999,-10.671868924859682,1.511946755570398,2.1219584530712816,0.8747446579329562
1730865996.5823123,-1.6781457662582397,0.8632773160934448,-9.926238059997559,-0.2633936626847469,-0.10684988610102619,-10.672828677924837,1.5116359455572943,2.1141785623406784,0.8347342323129803
1730865996.6322775,-1.6910864114761353,0.8526940941810608,-9.918421745300293,-0.26164723962755704,-0.08939445877388388,-10.672695888922178,1.5152959307518983,2.106684975209236,0.8746029274827756
1730865996.6822314,-1.6935198307037354,0.8555936813354492,-9.923819541931152,-0.25916216505342543,-0.07314473831690246,-10.671965131058666,1.516711866961657,2.0917076977710862,0.8746282502478849
1730865996.732171,-1.7209124565124512,0.8748975396156311,-9.906394004821777,-0.2559743720234508,-0.05860459400089945,-10.671105388279475,1.516783072002753,2.083121617934908,0.8350782253130787
1730865996.7822714,-1.7304341793060303,0.883063554763794,-9.89648151397705,-0.2522074702327794,-0.0462118825014523,-10.670499801877547,1.5162181208989531,2.0742803529771545,0.7681970711393096
1730865996.832282,-1.7750678062438965,0.9077420234680176,-9.872797966003418,-0.24808440446592045,-0.03631664451057257,-10.67040284846021,1.5189650260993555,2.080751209235399,0.8744980246017772
1730865996.8822367,-1.7683756351470947,0.9431396126747131,-9.840815544128418,-0.24392706418529078,-0.029180961383958773,-10.670911467024169,1.5189125328472417,2.0754685151059418,0.834546200621656
1730865996.932197,-1.77646005153656,0.9674475789070129,-9.816570281982422,-0.24012982713863817,-0.024994071005372945,-10.671950540660337,1.519961972403453,2.063947111329403,0.8746876785461775
1730865996.98223,-1.7631641626358032,0.9757686853408813,-9.784950256347656,-0.23709977632616316,-0.023887435576039288,-10.673277095472205,1.521513006643033,2.059583054246657,0.8744415892542121
1730865997.0322635,-1.7604327201843262,0.9853771328926086,-9.769838333129883,-0.23518473320462988,-0.02592725349866097,-10.674508842315149,1.5216300974243762,2.053949388117318,0.8342850863420422
1730865997.0823953,-1.7845203876495361,0.9641535878181458,-9.777324676513672,-0.2346230187862892,-0.031083317524091252,-10.675179711536959,1.5211605215488266,2.0482371174948915,0.767408742689514
1730865997.1323042,-1.8044273853302002,0.9534355998039246,-9.78231143951416,-0.23553842349104664,-0.039188117939207165,-10.674821800120572,1.5201018862883955,2.042430906890844,0.6737357015167197
1730865997.1823633,-1.8120954036712646,0.9757066965103149,-9.817340850830078,-0.23797182597600725,-0.049910388734809664,-10.673059455903587,1.5222961449069672,2.048492459715433,0.8746889820688625
1730865997.2321472,-1.8121466636657715,0.9732685685157776,-9.844615936279297,-0.24191017458062963,-0.06277335712799069,-10.669693741651,1.5240651278109953,2.03199361341751,0.8746582765044415
1730865997.2821987,-1.8242241144180298,0.9446303844451904,-9.888375282287598,-0.24729172421005075,-0.07720501551032799,-10.664761830910603,1.523922093934076,2.0246102105764416,0.8347803232113603
1730865997.3321493,-1.8067654371261597,0.9267576336860657,-9.924202919006348,-0.25399974521275503,-0.0925714319159598,-10.658560617940196,1.5231543520736504,2.0170092714280985,0.7683020194565591
1730865997.3821917,-1.8073363304138184,0.9206763505935669,-9.946151733398438,-0.2618543805332658,-0.10818838429251412,-10.651627893388474,1.5217399492819408,2.00914123934454,0.6750369132420598
1730865997.432077,-1.7693580389022827,0.9129034876823425,-9.946990966796875,-0.27060130784673997,-0.12334808735880735,-10.644676306607433,1.5247723390958856,2.022431175806268,0.874692673035509
1730865997.4821398,-1.7310106754302979,0.9306561350822449,-9.927648544311523,-0.2798946055016097,-0.13737378448968487,-10.638482192175353,1.524054385574269,2.018523996143121,0.8346635547117772
1730865997.5320623,-1.6902095079421997,0.9466179609298706,-9.896263122558594,-0.289275485873809,-0.14968948292509285,-10.63374888533961,1.5263082724969421,2.0052407156190752,0.8746938472740914
1730865997.582097,-1.6658767461776733,0.9557903409004211,-9.861814498901367,-0.2981661434628936,-0.1598863452613989,-10.630977500049847,1.5258829716990283,1.997280555975784,0.8347893168526365
1730865997.6321132,-1.6620323657989502,0.9402961730957031,-9.829666137695312,-0.3059044138272822,-0.1677571239655371,-10.630377818294992,1.5287750580006076,1.9917272307993537,0.8746118508431526
1730865997.6821277,-1.6703362464904785,0.9128743410110474,-9.825118064880371,-0.3118244099509587,-0.1732757657112607,-10.631841974393817,1.5287765987000208,1.9834617651266933,0.8347544737264245
1730865997.7320013,-1.6681410074234009,0.893829882144928,-9.815683364868164,-0.3153590986041959,-0.17653243407715932,-10.634987555382047,1.527995697912051,1.9747509922774318,0.7683227984179766
1730865997.7820623,-1.682241678237915,0.9453647136688232,-9.826603889465332,-0.3161260299861208,-0.17767486547756453,-10.63925235167052,1.5291395859423778,1.9825003815167883,0.8746996486182446
1730865997.8320236,-1.689927577972412,0.9928902387619019,-9.842207908630371,-0.313975129986919,-0.17691446929663643,-10.64400882859487,1.52829081356935,1.9781501878609733,0.8347598726845387
1730865997.881992,-1.681504249572754,1.033942461013794,-9.867631912231445,-0.3089978973298798,-0.17459131746358336,-10.648674759433206,1.5266685696289357,1.9733763865809268,0.7684200408565285
1730865997.93192,-1.67424476146698,1.0595868825912476,-9.879316329956055,-0.3014962960064753,-0.17122382196679742,-10.65280220665018,1.5313953510235165,1.967315777619974,0.8746601391425615
1730865997.9818947,-1.6529594659805298,1.0546965599060059,-9.892207145690918,-0.2919170582333132,-0.16748690540933178,-10.656126197185642,1.531052116539434,1.9610249639895065,0.8348605959430623
1730865998.0329313,-1.6521496772766113,1.0313019752502441,-9.902755737304688,-0.2807745960499815,-0.16411846008559536,-10.658568045969762,1.529965068688467,1.9541638735965352,0.7667523838757749
1730865998.0829751,-1.6494853496551514,1.0017011165618896,-9.884504318237305,-0.2685895018602441,-0.1617858994401478,-10.660203075932067,1.5325066024520149,1.955847704843163,0.8745030644449192
1730865998.1329143,-1.6746060848236084,0.9723450541496277,-9.868172645568848,-0.2558595778074797,-0.16095993420698862,-10.66119980756113,1.5319584056094253,1.9511288357735055,0.834535291564484
1730865998.1829565,-1.6857837438583374,0.9491497874259949,-9.845125198364258,-0.24306221922423937,-0.16183656981844913,-10.661742336915253,1.5354510280742506,1.9401538036522363,0.8745577204877489
1730865998.2328794,-1.7086607217788696,0.9423717260360718,-9.819120407104492,-0.23066913085542107,-0.16432419539155801,-10.661961081925313,1.5357075488054122,1.9327309089707327,0.8345673166221678
1730865998.2828882,-1.7164818048477173,0.9588525295257568,-9.808348655700684,-0.21915123764938493,-0.1680946922997285,-10.661891555762402,1.5365114247840648,1.926682677283737,0.8745819521693641
1730865998.3328366,-1.76626718044281,0.971876859664917,-9.794591903686523,-0.20897091490548053,-0.17268360746216965,-10.661468190398306,1.536486059862495,1.9187509942578267,0.8345043111229494
1730865998.382914,-1.8201364278793335,0.9639835953712463,-9.796392440795898,-0.20058278775286567,-0.17760097867172092,-10.660550480723877,1.5376820212866487,1.9157389781651013,0.874593292370348
1730865998.4328258,-1.8619030714035034,0.9075782299041748,-9.80731201171875,-0.19445351184215132,-0.18239753847605228,-10.658970683778048,1.537473867675464,1.9100909059181337,0.835043436763921
1730865998.4828324,-1.8915152549743652,0.8530718088150024,-9.830313682556152,-0.1910720173930717,-0.18665408794990046,-10.656593096112095,1.5395986236912838,1.9006207899726089,0.8744620326106668
1730865998.5327427,-1.8957157135009766,0.8273735046386719,-9.850911140441895,-0.1909170371848018,-0.18992667219367643,-10.653373254928598,1.54167464692855,1.8955420844719946,0.8747228795801251
1730865998.5827837,-1.8797719478607178,0.8061596155166626,-9.861775398254395,-0.1943803515426423,-0.19172118095961316,-10.649397536651222,1.5422725736284064,1.889392008370553,0.834836154223212
1730865998.632781,-1.8663908243179321,0.7775965332984924,-9.878144264221191,-0.20166976779950505,-0.19152750964171977,-10.644887361785026,1.5423752063936889,1.8827477828119261,0.7681604407034961
1730865998.6827338,-1.8390138149261475,0.7849622368812561,-9.896747589111328,-0.2127278487912074,-0.18888345018999977,-10.64017322185619,1.5419582628293609,1.875632582050049,0.6748609764889258
1730865998.7326956,-1.805356740951538,0.7734917998313904,-9.90641975402832,-0.22719144765166205,-0.1834415490953913,-10.635656649247114,1.542122359047995,1.883950220586808,0.8747215142686474
1730865998.782807,-1.768065333366394,0.7767322063446045,-9.9239501953125,-0.24439218583095795,-0.17502671240887097,-10.631769209190258,1.5416554561779579,1.879444650423087,0.8348560477421693
1730865998.8327353,-1.7184725999832153,0.8060360550880432,-9.920353889465332,-0.26338882417189713,-0.1636733922630064,-10.628929169872869,1.543839258460544,1.867352526633889,0.8747214977412622
1730865998.8826373,-1.6852225065231323,0.840676486492157,-9.92019271850586,-0.28302554311919803,-0.14964985052335208,-10.627495668521087,1.5452163955931684,1.8643911063017407,0.8748298248321222
1730865998.9326646,-1.6623194217681885,0.8734945058822632,-9.928953170776367,-0.30201700308581664,-0.13347518942475695,-10.627726053552752,1.5449038839431972,1.8601886771590543,0.8348685874840129
1730865998.9826963,-1.6338424682617188,0.8744041919708252,-9.926923751831055,-0.3190593158329392,-0.1159049130366429,-10.629751166785525,1.5438096002846708,1.8556763578105395,0.7681783272786724
1730865999.0326884,-1.602506160736084,0.9250531792640686,-9.90717887878418,-0.332944831023987,-0.09786811936107975,-10.633569118696872,1.5464467399592554,1.8489258979235166,0.875000430775799
1730865999.0826027,-1.6151196956634521,0.9638567566871643,-9.891895294189453,-0.34265831155568094,-0.08038685059142717,-10.639040097444727,1.548036902491486,1.834100518386172,0.8753389817082126
1730865999.1325471,-1.63931143283844,0.9686100482940674,-9.876558303833008,-0.34746487446704033,-0.06450778101330042,-10.645881209222907,1.5476182672569523,1.825775166279042,0.8357416002441256
1730865999.182609,-1.6556167602539062,0.9706411361694336,-9.863702774047852,-0.34699752426524755,-0.051224461675188876,-10.653678254053977,1.5463302258355978,1.817289834981812,0.7694300416985388
1730865999.232585,-1.6609346866607666,0.9815096259117126,-9.828051567077637,-0.3413096266521335,-0.0413769939522598,-10.661915909822635,1.5441843447298251,1.8087016320053524,0.6765928392609333
1730865999.2825677,-1.6581302881240845,0.9543306231498718,-9.803055763244629,-0.33085569568586315,-0.03556154909062213,-10.670009312806679,1.5411890577045526,1.7999906260138114,0.5567222685605414
1730865999.3326058,-1.6759454011917114,0.8955333828926086,-9.795342445373535,-0.31641073022999877,-0.03406075603953052,-10.67733444244506,1.5374012970574618,1.791235074878298,0.41081905732609103
1730865999.382573,-1.6783114671707153,0.8464707136154175,-9.791918754577637,-0.2989688046211369,-0.036779031540689344,-10.683275778000873,1.5488848616692024,1.8274448561092171,0.8749796362638991
1730865999.4325933,-1.687306523323059,0.8429862260818481,-9.816205978393555,-0.2796462474615613,-0.043210123393996984,-10.68729799067751,1.5480476031470611,1.824998480262324,0.8349179167293131
1730865999.4825895,-1.6979085206985474,0.863410234451294,-9.832854270935059,-0.25959185807718876,-0.05249648206543321,-10.689026532811777,1.5517478068324475,1.8123771244961433,0.8747645358370376
1730865999.5325134,-1.7232258319854736,0.8948938250541687,-9.878024101257324,-0.23991093887778675,-0.06358827821243546,-10.688316981036714,1.5516681764217468,1.8072958908566128,0.8349062825649
1730865999.5825531,-1.7569559812545776,0.9624960422515869,-9.879962921142578,-0.22161665476013698,-0.0754454187279725,-10.685293561857572,1.5510077540190164,1.8019613233907472,0.7675837418476125
1730865999.632545,-1.7946913242340088,0.9886023998260498,-9.879239082336426,-0.20561066769586703,-0.08721921059211594,-10.680334183527107,1.553887439156798,1.792119347339115,0.8749851038038867
1730865999.6824486,-1.835076093673706,0.9824762940406799,-9.882464408874512,-0.19268070081740504,-0.09835809104552658,-10.673996309892681,1.553875636594169,1.7853862088099004,0.8346908311038593
1730865999.732413,-1.8516199588775635,0.9580720067024231,-9.871668815612793,-0.1834963343177848,-0.10859780540094596,-10.666916005922582,1.5591569472111741,1.7789392194754614,0.8749667376903552
1730865999.7824936,-1.8775005340576172,0.9418111443519592,-9.840730667114258,-0.17858810534544997,-0.1178607574196146,-10.65971181245706,1.5606882962800532,1.7712983395218522,0.8348936270784205
1730865999.832338,-1.8869297504425049,0.9472461938858032,-9.859479904174805,-0.1783124914767108,-0.12614413378648315,-10.652903951570533,1.5617635609403813,1.7634133334130684,0.7686091679730507
1730865999.8823469,-1.8654801845550537,0.9716828465461731,-9.837949752807617,-0.1828134897413629,-0.13346177721075064,-10.646868508646147,1.5623928400439064,1.7551714399597214,0.6754771787675518
1730865999.9322686,-1.8465094566345215,0.9808236956596375,-9.855317115783691,-0.19198055984514067,-0.13984800078857257,-10.641835088252911,1.561602847175159,1.7633166038141,0.8747846358274739
1730865999.9823804,-1.8271253108978271,1.0104933977127075,-9.857169151306152,-0.20541293857151793,-0.14538662223364404,-10.63791007485904,1.5617128103568025,1.7586166617345231,0.8346001625712973
1730866000.0322542,-1.8132082223892212,1.0098673105239868,-9.87198257446289,-0.22241938287346005,-0.1502292099115179,-10.635112338226982,1.569082686808732,1.7479052735825833,0.8747650818451531
1730866000.0822968,-1.7840367555618286,1.020479679107666,-9.8755464553833,-0.24206342805919517,-0.15458844855980614,-10.633411079997774,1.5711929549402535,1.7404210994140625,0.835086555958593
1730866000.1323094,-1.7755906581878662,0.9821382164955139,-9.890567779541016,-0.2632368679363282,-0.15870209802465657,-10.63275394992879,1.5737545492389218,1.7337425729252436,0.8745317981608518
1730866000.1822705,-1.7376738786697388,0.9764181971549988,-9.876928329467773,-0.28474367045404925,-0.1627721809106919,-10.633080988631997,1.5757937906306636,1.7248040768127073,0.8349351819261345
1730866000.2322834,-1.70146906375885,0.9775962829589844,-9.882634162902832,-0.30537813651876194,-0.16690908827835454,-10.634322076356316,1.5771224677489943,1.7153072423257463,0.7679262995601733
1730866000.2823467,-1.6733750104904175,0.9973927140235901,-9.871855735778809,-0.32398489323216056,-0.17112142547105202,-10.636383511507521,1.576615964576245,1.7262177164348138,0.8747030024142786
1730866000.332205,-1.652721643447876,1.0289440155029297,-9.850242614746094,-0.3395108031505611,-0.1753593595523532,-10.63913369761552,1.5768039313107474,1.7218002398958214,0.8348291866445344
1730866000.3822703,-1.6462875604629517,1.0432029962539673,-9.840997695922852,-0.35106530230429356,-0.1795804962113176,-10.642388764885542,1.5798174243082002,1.7110338992949161,0.8746362566917424
1730866000.432205,-1.6555181741714478,1.0308321714401245,-9.825298309326172,-0.3579887038422776,-0.18379402756753851,-10.645904087049328,1.580147787146272,1.7036280031739819,0.8347487124069702
1730866000.4821882,-1.657993197441101,1.008583426475525,-9.826343536376953,-0.3599157614325774,-0.18805069118532236,-10.649384683478857,1.5795831899605415,1.6957581964009052,0.7683115097560795
1730866000.5321817,-1.6867737770080566,0.9841461181640625,-9.814047813415527,-0.3568177768184805,-0.1923869138849627,-10.65251429518723,1.5781299185115005,1.6874360522389613,0.6755893082666968
1730866000.5822122,-1.712581753730774,0.9526169300079346,-9.824759483337402,-0.3490158545245877,-0.19676290110018446,-10.654992189659483,1.5818406198598467,1.7030187438920596,0.8744958996472081
1730866000.63217,-1.7254549264907837,0.9582903981208801,-9.831354141235352,-0.33716445399674877,-0.20102969735215448,-10.65657133358222,1.5812212165598043,1.6995627996938036,0.8344430914517812
1730866000.682118,-1.713327169418335,0.9233577847480774,-9.847041130065918,-0.32219149878341985,-0.20493892711054557,-10.657095611652267,1.5858696233052565,1.685728653342556,0.8747413741706513
1730866000.7320888,-1.698599100112915,0.876489520072937,-9.859782218933105,-0.30518590102468646,-0.20817203427976572,-10.656528381476912,1.5886916856006117,1.6736986746679745,0.8745884771260929
1730866000.7821367,-1.693278431892395,0.8255313038825989,-9.869234085083008,-0.2872591758614807,-0.21034954012962254,-10.654962619737672,1.589441585595578,1.6648618618794953,0.8344096655499244
1730866000.832028,-1.7161579132080078,0.8076956868171692,-9.871641159057617,-0.2694329243223293,-0.21102669556065906,-10.65260774371518,1.5894939770191927,1.6555643565022475,0.7680287783024285
1730866000.8821115,-1.7376787662506104,0.8045064210891724,-9.88554859161377,-0.2525877306875365,-0.20972141229540278,-10.649756811427974,1.588891999242839,1.6456600167708264,0.6743589576131072
1730866000.932028,-1.7777246236801147,0.8121892213821411,-9.895036697387695,-0.23746687729322685,-0.2059920690265007,-10.646748730380764,1.5930060070774361,1.6664927001375793,0.8750894845769293
1730866000.982042,-1.781856656074524,0.8222576975822449,-9.90802001953125,-0.22469898100757354,-0.19953469093704918,-10.643937692237934,1.5934440428884753,1.6624396697055137,0.8351356439356524
1730866001.0319881,-1.7842963933944702,0.8576826453208923,-9.911052703857422,-0.21480126265704308,-0.1902624012199412,-10.641668116591667,1.5979092568646314,1.6512309048453766,0.8752266232247212
1730866001.082013,-1.7658724784851074,0.890402615070343,-9.897940635681152,-0.20814700192853708,-0.1783557864915485,-10.640245601059192,1.5992938244622374,1.6439958933700478,0.8355434503813716
1730866001.1319,-1.7564597129821777,0.8952320218086243,-9.893383026123047,-0.2049147540893246,-0.16427740343696537,-10.639899045807915,1.6001647065526896,1.6363197411461152,0.7691966709485164
1730866001.1819885,-1.7365695238113403,0.8818099498748779,-9.873249053955078,-0.20505082359787988,-0.14872739815189462,-10.640743313264949,1.602860109192103,1.6423091662971716,0.8753666489827093
1730866001.2319086,-1.747201919555664,0.8932631611824036,-9.866130828857422,-0.20826674739076712,-0.13253966509619697,-10.642756993870353,1.603607655455757,1.6384547639374782,0.8354490973704383
1730866001.2818158,-1.7467509508132935,0.9135102033615112,-9.847199440002441,-0.21408009335047629,-0.11656971205052588,-10.64578100778418,1.6069167900061294,1.6267417948265437,0.8757316546119419
1730866001.3328197,-1.7811675071716309,0.9208669662475586,-9.843194007873535,-0.22189168801992515,-0.10162198347638982,-10.649536877593984,1.6081199760085416,1.619418416102795,0.8349810262649532
1730866001.3828468,-1.7834279537200928,0.9279393553733826,-9.841486930847168,-0.2310779236065969,-0.08840902216639097,-10.653662616377662,1.6132952316766886,1.614545969142171,0.8758123776077318
1730866001.4327352,-1.7790192365646362,0.9394013285636902,-9.865640640258789,-0.24106508991581768,-0.0775173030100927,-10.657766582703614,1.6154061195232996,1.6074763713633058,0.8360429775158718
1730866001.4827864,-1.774357795715332,0.9546209573745728,-9.859689712524414,-0.2513588453751399,-0.0693814218204268,-10.661492665931775,1.6169131568439363,1.600157128132564,0.7689475334213546
1730866001.532735,-1.7667598724365234,0.9436790943145752,-9.866182327270508,-0.2615375763299743,-0.06427305797009869,-10.664571800358615,1.6149262375618119,1.6049107602866897,0.8757767307462816
1730866001.5826719,-1.741503119468689,0.9384092092514038,-9.863686561584473,-0.2712349974230364,-0.0622925661873551,-10.666839994957067,1.620512612714953,1.5906252912199017,0.8755508644348445
1730866001.6326742,-1.7053606510162354,0.925750732421875,-9.873607635498047,-0.2801161891938276,-0.06335666537071853,-10.66823244969698,1.6219320108778754,1.5837083471020021,0.8354716617007242
1730866001.6826491,-1.6636197566986084,0.925184965133667,-9.87251091003418,-0.287843466379736,-0.06719708788882334,-10.66877155654223,1.6226408567520278,1.5766543774115487,0.7690370575000611
1730866001.732644,-1.6420977115631104,0.9331265687942505,-9.864975929260254,-0.2940469476975319,-0.07338632735887678,-10.668550378164298,1.6226233397546388,1.5693310413563424,0.6747688966301731
1730866001.7827165,-1.647178292274475,0.950118362903595,-9.839126586914062,-0.2983292660779895,-0.08139320168198708,-10.667702215890886,1.6218688795271743,1.5619216983053645,0.5553184015870738
1730866001.8326247,-1.684217929840088,0.9577249884605408,-9.831446647644043,-0.3003252030858158,-0.09065507342428335,-10.666356289744307,1.6214191235780016,1.5832198649046125,0.8756099469265685
1730866001.8826282,-1.709185004234314,0.9548299908638,-9.83082389831543,-0.2998029746194578,-0.10064004768485711,-10.664601788090135,1.6208853680558983,1.5804001152741385,0.8354823925266399
1730866001.9325972,-1.7153453826904297,0.9583785533905029,-9.8358736038208,-0.29675397172136553,-0.11087927060997817,-10.66248389343423,1.6255686814521677,1.567346947351499,0.8757747582917766
1730866001.9826028,-1.723722219467163,0.9529019594192505,-9.848883628845215,-0.2914176997635239,-0.1209740719019107,-10.660028933289247,1.6262136008815071,1.5601363505452723,0.8356971084620369
1730866002.0325894,-1.709882378578186,0.9605453014373779,-9.861201286315918,-0.2842367725330067,-0.13059471459189625,-10.657279142699435,1.6256683263656129,1.5564160281906996,0.8756606578634677
1730866002.082619,-1.7137573957443237,0.9585057497024536,-9.883960723876953,-0.27577448399670434,-0.1394806645356848,-10.65432273813181,1.6252381778710208,1.5499036020000245,0.835800370087809
1730866002.1326256,-1.725780725479126,0.9452598094940186,-9.896496772766113,-0.2666330211719672,-0.14743973453818043,-10.651312561911766,1.6268326344105433,1.5453399769415157,0.875667907527558
1730866002.1825418,-1.7237483263015747,0.925775945186615,-9.907428741455078,-0.2573978422580028,-0.15433463419655852,-10.64846744024311,1.6264115604081868,1.5393028578359111,0.8357617983975189
1730866002.23253,-1.7259219884872437,0.9182807207107544,-9.907028198242188,-0.24860355849740545,-0.16005697927286205,-10.64605135271934,1.6265989150013238,1.5328184119409693,0.8756555500497694
1730866002.2825599,-1.713179588317871,0.9268774390220642,-9.898268699645996,-0.24070266714156052,-0.16451090962570347,-10.644332584593954,1.6257823287587263,1.5258055081636144,0.8355262223205682
1730866002.3325312,-1.7270092964172363,0.9188491106033325,-9.871615409851074,-0.2340369945233148,-0.16762263883140324,-10.643530073995407,1.624379079610593,1.5184233077656168,0.7691138738998441
1730866002.3826072,-1.7472394704818726,0.8894288539886475,-9.863858222961426,-0.22883016803051517,-0.16935638735254271,-10.643758786548256,1.622385109500763,1.5105674308441024,0.6755203418646065
1730866002.4324462,-1.7700368165969849,0.8772176504135132,-9.854777336120605,-0.22521243487231077,-0.1697067487814047,-10.6449965336144,1.6198484131921218,1.5023717416576432,0.5564820787563945
1730866002.482546,-1.7700368165969849,0.8772176504135132,-9.854777336120605,-0.2232586189439189,-0.16867795375082908,-10.647089532667529,1.626755665678249,1.525594720043778,0.8755191218905632
1730866002.482546,-1.787842035293579,0.9098489284515381,-9.854645729064941,-0.22300833655545355,-0.16628908440966575,-10.649789537646944,1.626751635950129,1.525574746127426,0.8753129783191351
1730866002.5323997,-1.7705787420272827,0.9529200792312622,-9.844451904296875,-0.22446179161450086,-0.16262182988757884,-10.652800774753208,1.6259591808245821,1.5228090690960596,0.8357889062698585
1730866002.582423,-1.7816500663757324,0.9685393571853638,-9.855141639709473,-0.22756269069878743,-0.1578846192190918,-10.655820428932454,1.6283716801824137,1.5120737825595316,0.8757074714390234
1730866002.6324692,-1.7787083387374878,0.9754001498222351,-9.8584623336792,-0.2321835601108757,-0.15244093997459454,-10.65857275240932,1.6279656562965885,1.5071177402950398,0.8354457310298533
1730866002.6824698,-1.7748701572418213,0.971988320350647,-9.858671188354492,-0.23812545698454718,-0.1467726466124418,-10.66083986147443,1.6269746685761173,1.5018265976724723,0.7688385056211117
1730866002.7324133,-1.756819725036621,0.9749637842178345,-9.865508079528809,-0.24512527809450832,-0.14140125780452895,-10.66248079801133,1.6303263294209391,1.4931620540892836,0.8756052588013596
1730866002.7824402,-1.7506250143051147,0.9745606184005737,-9.873082160949707,-0.25285927306623623,-0.1368097977685309,-10.663436260523762,1.6300298359215757,1.486580934219228,0.8355595330301719
1730866002.8323123,-1.7428399324417114,0.9637995362281799,-9.880187034606934,-0.26095004105835307,-0.13338654920564696,-10.663726973800836,1.632408338438274,1.4819151984662549,0.875686848669442
1730866002.882404,-1.7427364587783813,0.9381851553916931,-9.86111068725586,-0.2689888263817466,-0.1313851250742217,-10.663443020697539,1.6323564138547375,1.4754820743529482,0.8356851799627292
1730866002.9323375,-1.7528446912765503,0.8950193524360657,-9.862319946289062,-0.2765730598343486,-0.1308871505441203,-10.662714872843628,1.6316273818583722,1.4687587101991484,0.7694232706510538
1730866002.9824462,-1.7495701313018799,0.8558664917945862,-9.853949546813965,-0.28335008609292894,-0.13176662679366155,-10.6616758949406,1.6301820477630937,1.461616903136358,0.6753860462792296
1730866003.0323336,-1.7370002269744873,0.8772448897361755,-9.836444854736328,-0.2890491459919359,-0.1336828216829445,-10.660434449723677,1.6280474137072305,1.4542522471669994,0.5562715083238828
1730866003.0823538,-1.713533639907837,0.9108223915100098,-9.823369979858398,-0.2934833757917632,-0.136144538474507,-10.659054624816044,1.6343823789506426,1.4666849598409,0.8756274000180168
1730866003.1323264,-1.6987109184265137,0.9334008693695068,-9.812854766845703,-0.2965250227798141,-0.13864282444482656,-10.65754210477961,1.6338268676596848,1.4622287139786112,0.8356120067203129
1730866003.1824594,-1.6964943408966064,0.9538068175315857,-9.793973922729492,-0.29807976896669786,-0.14078200171472477,-10.65584203629409,1.6374882500100554,1.452896874710503,0.8754661733307021
1730866003.2323442,-1.7304720878601074,0.9743702411651611,-9.776803016662598,-0.2980894119792913,-0.14234992368234886,-10.653846850293107,1.6417362614709832,1.437734470733731,0.8758114901349854
1730866003.2824068,-1.768412709236145,0.9527117013931274,-9.781269073486328,-0.29657556177981365,-0.14332211827092375,-10.651410013783773,1.643151872756622,1.4273985985058915,0.8357721223071924
1730866003.33239,-1.7955266237258911,0.9428706169128418,-9.806709289550781,-0.2937023329223117,-0.1438108487319132,-10.648378158779035,1.6438213500793857,1.4167653575882035,0.7693513462787381
1730866003.382308,-1.7801225185394287,0.9214932322502136,-9.825322151184082,-0.2898050830864574,-0.14398114932530764,-10.644648910428376,1.642305880984269,1.4323486573481745,0.8757687458022773
1730866003.4322689,-1.7450872659683228,0.9004810452461243,-9.87979793548584,-0.285342050768044,-0.143971939285091,-10.640236119517517,1.6418989313272512,1.4285478860088907,0.8362208361893837
1730866003.4823117,-1.7572453022003174,0.9140595197677612,-9.915355682373047,-0.28078707403411607,-0.1438503461311963,-10.635321342244337,1.646316248055816,1.4172522653596604,0.8756263972705541
1730866003.5322695,-1.7294199466705322,0.9227423071861267,-9.95338249206543,-0.27653395416921384,-0.14361316050540007,-10.63027722557864,1.6469345173101912,1.4101467219155095,0.8356353861879002
1730866003.5822814,-1.7368111610412598,0.9211981296539307,-9.97838306427002,-0.272852538729149,-0.14322580963478418,-10.625647578322543,1.6468643450168357,1.402673571308836,0.7689380208765275
1730866003.632282,-1.7291040420532227,0.901037871837616,-10.006296157836914,-0.269883458205627,-0.1426568141467202,-10.622085758722278,1.6461140570258246,1.3948492710639435,0.6756756974969769
1730866003.682303,-1.7278237342834473,0.8859909772872925,-10.009611129760742,-0.26765510555468697,-0.14187735838553717,-10.620270710412411,1.6477110710972638,1.4091043891270116,0.8757328565676168
1730866003.7321413,-1.7141222953796387,0.8580312132835388,-9.992524147033691,-0.26610925600598134,-0.1408368462205652,-10.620811810551999,1.6473589340726016,1.4054699995268602,0.8361731591955535
1730866003.7821786,-1.7148305177688599,0.8412255048751831,-9.938282012939453,-0.2651224576218796,-0.13943920183082464,-10.624141508868524,1.652331228127227,1.3942618912744715,0.875640240035658
1730866003.832207,-1.6846798658370972,0.8269502520561218,-9.880125045776367,-0.264521705798323,-0.13753533066545473,-10.630402503179837,1.6529330854891242,1.382749945836378,0.8755544178270486
1730866003.8822517,-1.6826512813568115,0.7947283387184143,-9.837966918945312,-0.2640941826461443,-0.13493376543406463,-10.639361646261001,1.6528013399358148,1.3759771815479418,0.8354994598242478
1730866003.9321299,-1.6806689500808716,0.7929224371910095,-9.795547485351562,-0.26359827790751056,-0.13141982643139827,-10.650393621790755,1.6520165950139527,1.3689197310299948,0.7693321125739917
1730866003.9821305,-1.6867467164993286,0.8401132225990295,-9.759202003479004,-0.2627911526046662,-0.12679100199693139,-10.662545007745374,1.6542822467454705,1.3730097540680513,0.8756507157418321
1730866004.0321138,-1.6826320886611938,0.8963927030563354,-9.755671501159668,-0.26146792432501303,-0.12093547857802567,-10.67465408448098,1.6539051434220151,1.368076063437713,0.8352986968773649
1730866004.0821393,-1.6850078105926514,0.9454322457313538,-9.774163246154785,-0.2594908069110634,-0.11393869962916664,-10.685506862004264,1.6528844680609351,1.362908339195314,0.7688533147002347
1730866004.1320732,-1.7228058576583862,0.9818918108940125,-9.816146850585938,-0.2568059425061583,-0.10615322700043553,-10.694016702203353,1.655779177256321,1.3622260562201294,0.8755515065632017
1730866004.1821196,-1.7200934886932373,0.998245120048523,-9.841108322143555,-0.25346199494173516,-0.09818692054355235,-10.69939357184197,1.6553188745510528,1.3581965639736429,0.8352956729759382
1730866004.2320218,-1.7496583461761475,1.017280101776123,-9.857857704162598,-0.2496228485257876,-0.09081735374566133,-10.701252028902406,1.6542307903014957,1.3539392662611092,0.7683781338657077
1730866004.28199,-1.7903389930725098,1.0132977962493896,-9.863235473632812,-0.24556312793798887,-0.08486987311536935,-10.699626526369448,1.6525292997436953,1.3494735909026372,0.674998327422511
1730866004.331978,-1.8265386819839478,0.9804950952529907,-9.862935066223145,-0.24166206614048336,-0.08108867220648211,-10.694905752645408,1.6573754998061188,1.3508300438217264,0.8755964900769676
1730866004.3820944,-1.8254740238189697,0.9740970134735107,-9.851530075073242,-0.23839247573737649,-0.08001557605308908,-10.687722142923658,1.661261908252504,1.3362252296712587,0.8755465320691898
1730866004.4320457,-1.8447531461715698,0.9654614329338074,-9.858942031860352,-0.2362749624195259,-0.08190632142614128,-10.678831540642086,1.661943298245881,1.3291992852749155,0.8334069709898335
1730866004.4821155,-1.83303964138031,0.9897729158401489,-9.841520309448242,-0.23580057853804137,-0.08671882235105738,-10.66900963513552,1.6620075565267567,1.3224604792899506,0.7684521696629499
1730866004.532056,-1.791846513748169,1.0443367958068848,-9.840599060058594,-0.23734616150363597,-0.0941790825013458,-10.658973962531787,1.661470557916619,1.3150488509462637,0.6719569089472157
1730866004.5820906,-1.7352861166000366,1.0967568159103394,-9.837711334228516,-0.24108428473704846,-0.10390376377287454,-10.649329527139908,1.6631971505103997,1.3210408202665986,0.8764088091715173
1730866004.6319988,-1.7296667098999023,1.095227599143982,-9.860407829284668,-0.24690490929945988,-0.11552515659838081,-10.64054516506166,1.6630050301123873,1.3162863709470467,0.8372703004840335
1730866004.6820426,-1.7367119789123535,1.114740252494812,-9.848275184631348,-0.2544062342321632,-0.12875008403195706,-10.63296174804745,1.6621880656524288,1.3112307969158783,0.7716381368470258
1730866004.7319813,-1.7563402652740479,1.1001694202423096,-9.852319717407227,-0.26298253924109855,-0.14334157322010624,-10.626808662324075,1.660728403808207,1.305842670557459,0.6796345883216733
1730866004.7821012,-1.7513494491577148,1.1189242601394653,-9.850818634033203,-0.2719598221941596,-0.1590712508393879,-10.622209784228602,1.6673972178884817,1.31037308746138,0.875557896606745
1730866004.8319905,-1.7246074676513672,1.1246883869171143,-9.863015174865723,-0.28070231347911234,-0.17568690976529328,-10.619189571635214,1.6674989092501267,1.3063491704724508,0.8356302903448837
1730866004.881932,-1.6789052486419678,1.129386067390442,-9.865327835083008,-0.2886482032576844,-0.192908169011422,-10.617692056264758,1.6668924418729447,1.3018757375042265,0.7693832524144374
1730866004.9318876,-1.679648756980896,1.1102460622787476,-9.882807731628418,-0.2952936008094804,-0.21043252226028067,-10.617607949733857,1.671354128938998,1.2917146581230483,0.8757694701937783
1730866004.9819276,-1.6752504110336304,1.097681999206543,-9.894545555114746,-0.300185086324421,-0.22792944686974156,-10.618802781966348,1.6713662165929488,1.2860371064050846,0.8357585508825272
1730866005.0319252,-1.7067322731018066,1.0536998510360718,-9.89581298828125,-0.3029581775380023,-0.24502200326746604,-10.62114051112605,1.6763161223370018,1.2788095511729705,0.8756542688919214
1730866005.0819335,-1.7336007356643677,1.0093530416488647,-9.875468254089355,-0.3034064851506997,-0.26126364814481007,-10.624488672240439,1.6772733349991955,1.2717880813577591,0.8357319753300676
1730866005.1319118,-1.7407804727554321,0.9542223215103149,-9.873014450073242,-0.30154189906433554,-0.2761161522944917,-10.628697939206585,1.6774744934845047,1.2641429527836945,0.7696955152021452
1730866005.1818445,-1.7265363931655884,0.8877837657928467,-9.867000579833984,-0.2976038228066439,-0.2889387307547641,-10.633576903418684,1.6769327574564619,1.2557787741132969,0.6771233978198428
1730866005.2318406,-1.7323811054229736,0.8519288897514343,-9.873263359069824,-0.29200418859907895,-0.298999577386318,-10.63888916548295,1.6783168450971515,1.2625941762433293,0.8754672918361126
1730866005.2818718,-1.716660499572754,0.8093873262405396,-9.871018409729004,-0.2852429580319623,-0.3055214440929024,-10.644374536027177,1.6781059351515741,1.2566760760925733,0.8354038305836641
1730866005.3317957,-1.705628514289856,0.756742000579834,-9.879083633422852,-0.27783068555626567,-0.3077565761167457,-10.649778681408637,1.6823263788500793,1.2497439025720087,0.8756697902179058
1730866005.3818574,-1.679782748222351,0.7222394943237305,-9.875027656555176,-0.2702238006563036,-0.3050609559445171,-10.654878628403445,1.6829699319540095,1.2425173908824052,0.835728805820868
1730866005.4318156,-1.6895211935043335,0.7509961128234863,-9.870834350585938,-0.2627764640750879,-0.29696211684060486,-10.659496979209276,1.682947563585405,1.2345424176441075,0.7691886087493958
1730866005.4818144,-1.6967703104019165,0.7682862281799316,-9.871363639831543,-0.2557278811129803,-0.28324871391939127,-10.663502956422318,1.6822784825618147,1.2258490260626582,0.6760965138756075
1730866005.5318274,-1.687175989151001,0.7816307544708252,-9.853569030761719,-0.24922640587559103,-0.2640679484063331,-10.666805094630632,1.681426827455037,1.2341375070064096,0.8755136267926138
1730866005.581965,-1.712728500366211,0.8445147275924683,-9.841151237487793,-0.2433629166252295,-0.23997788800825615,-10.669337462649787,1.68063267302224,1.229043696732324,0.8351717605207636
1730866005.631783,-1.73558509349823,0.8845602869987488,-9.81830883026123,-0.23820269943009265,-0.2119455397495996,-10.671039229751603,1.6810027330148825,1.2204446681184942,0.8758203098843738
1730866005.6818302,-1.7499691247940063,0.9037970304489136,-9.821389198303223,-0.23382258932456365,-0.18130166914782708,-10.671838280943762,1.6807644258035537,1.2063890818777518,0.8756070758691135
1730866005.7317421,-1.719001054763794,0.9165008068084717,-9.847634315490723,-0.23032957975932775,-0.1496342248032131,-10.671659762929693,1.6797475584302801,1.1973534917471396,0.8354908964958129
1730866005.7818906,-1.6897567510604858,0.9293950200080872,-9.878442764282227,-0.22782672632452125,-0.11862644285310059,-10.67047181583281,1.6781515163036829,1.1879552001863267,0.7684153306403257
1730866005.831777,-1.6976532936096191,0.952035665512085,-9.900125503540039,-0.22634605513232636,-0.08989090805666289,-10.668347713376214,1.6760010881018406,1.178364945928654,0.6752355915224713
1730866005.881825,-1.7411526441574097,0.9742318391799927,-9.912849426269531,-0.22582029220180505,-0.0648432281724906,-10.66550152828779,1.6788244377578714,1.199491977539483,0.8755518246328493
1730866005.9317226,-1.7450318336486816,1.0454565286636353,-9.90593433380127,-0.2261290311331251,-0.04463318787957132,-10.662272365288995,1.6774906144530146,1.1956735272661048,0.8356248772824647
1730866005.9817154,-1.7553826570510864,1.0666565895080566,-9.914196014404297,-0.22716672607218183,-0.030133218913460852,-10.65906613872276,1.6755858620908128,1.1917479711013732,0.7689258965973288
1730866006.0316658,-1.7637912034988403,1.0693438053131104,-9.916481971740723,-0.22887139992246058,-0.02194676195611537,-10.656287125798267,1.6757294058538497,1.1880656313184637,0.875669539827931
1730866006.0827377,-1.782194972038269,1.0408216714859009,-9.906766891479492,-0.23121981019297322,-0.020382037583634292,-10.654285231800266,1.6740400232987886,1.184599117293702,0.8345352200307595
1730866006.1326766,-1.7875455617904663,1.059867262840271,-9.888731956481934,-0.23421870201385145,-0.02539626880785559,-10.653316091667808,1.673047315349887,1.1743473047370572,0.8757812786368301
1730866006.182673,-1.7933632135391235,1.0570907592773438,-9.867327690124512,-0.2378953230166559,-0.03657418184400314,-10.653504036880033,1.671101695669566,1.1689945518278573,0.8360088538183398
1730866006.232673,-1.7992242574691772,1.0074589252471924,-9.832968711853027,-0.24228065621794087,-0.05316348979722965,-10.654812544068562,1.6703617993340787,1.1611827202693015,0.8755440437221628
1730866006.2826207,-1.825305700302124,0.938538134098053,-9.813783645629883,-0.2473942016788056,-0.0741148480698503,-10.657031655819399,1.6681175000859536,1.154432337852516,0.8354808996162959
1730866006.3325567,-1.8475147485733032,0.885221004486084,-9.807191848754883,-0.2532461897254797,-0.09809492787296276,-10.65979381850682,1.667721731047263,1.1481926309116335,0.8757337516815248
1730866006.3825266,-1.8254061937332153,0.8996973037719727,-9.785089492797852,-0.259848203108531,-0.12352593179362988,-10.662623784843277,1.6651985052481963,1.1400856716320196,0.8358602625413929
1730866006.4325702,-1.820008397102356,0.9004972577095032,-9.814488410949707,-0.2671990037838297,-0.14871487223656968,-10.665010648871213,1.6620073353583988,1.1316144293347368,0.769133943935311
1730866006.482613,-1.7837852239608765,0.9159687161445618,-9.817120552062988,-0.2752390973658397,-0.1720503902153495,-10.666490417654732,1.6654048121559188,1.1406448865307555,0.8755572651288925
1730866006.532586,-1.7565462589263916,0.9386707544326782,-9.846091270446777,-0.28380181145437816,-0.19218682965453104,-10.666727332873936,1.6635165686049516,1.136651035719723,0.8355305917627572
1730866006.5826168,-1.7412577867507935,0.9521675109863281,-9.853063583374023,-0.292586019014241,-0.20816789732465663,-10.665569931055686,1.6608982446826643,1.1321397125970358,0.7685992981618408
1730866006.6324775,-1.7605441808700562,0.9613209366798401,-9.872685432434082,-0.30117246303440925,-0.21948172926099072,-10.663067316473754,1.663750510739832,1.1276909735539142,0.8758201408037688
1730866006.6824625,-1.7471319437026978,1.0243536233901978,-9.862902641296387,-0.30909053821458143,-0.2260584990706315,-10.659447030718939,1.6619376645615274,1.1224027745745413,0.836091967423889
1730866006.7324693,-1.7418010234832764,1.029263973236084,-9.862071990966797,-0.3158981183767655,-0.22823985865142984,-10.655060143029687,1.6593369254464052,1.1165294620237145,0.76956313772774
1730866006.7824616,-1.7206016778945923,1.0024869441986084,-9.857928276062012,-0.3212290089872095,-0.22671465701758242,-10.650309044574918,1.6633165257611207,1.1161914467912677,0.881286189440178
1730866006.832461,-1.6889286041259766,0.9896872639656067,-9.853489875793457,-0.3248004084582118,-0.22238754601084768,-10.645582173290343,1.6618266618809405,1.1112269433686015,0.8427705232559387
1730866006.8824172,-1.6625539064407349,1.0124635696411133,-9.849868774414062,-0.32639517306351246,-0.2162179094983088,-10.641209239472158,1.662350599051891,1.1020365668068208,0.8863692496798101
1730866006.9323978,-1.6802340745925903,1.0296704769134521,-9.84884262084961,-0.3258454603182701,-0.20911390355580792,-10.637436307549248,1.6606879465601492,1.0947467732176328,0.848795638958793
1730866006.9825764,-1.694785714149475,1.053277850151062,-9.844016075134277,-0.32305210189844913,-0.20190015529661237,-10.634417446693066,1.6615722238342372,1.090564829708687,0.8839472443150771
1730866007.0324006,-1.6846380233764648,1.0639718770980835,-9.837373733520508,-0.31803380415964255,-0.19531409210513934,-10.632217278343852,1.6599580165943026,1.0837064297143788,0.8442525782975043
1730866007.0825768,-1.6925809383392334,1.0610722303390503,-9.864655494689941,-0.3109560254204207,-0.18999307591614983,-10.630823299676697,1.661726216289746,1.0802964007143325,0.883920836438947
1730866007.132353,-1.6729967594146729,1.0598859786987305,-9.877547264099121,-0.3021151582723288,-0.18644314265439235,-10.630177550016553,1.6604957465504435,1.0749779572402858,0.8441598260001416
1730866007.1823645,-1.6715054512023926,1.045262098312378,-9.906755447387695,-0.2918949545910447,-0.18500049563727855,-10.63022437228015,1.6615265550925602,1.066734840873955,0.8841342506150809
1730866007.23224,-1.6840505599975586,1.055734634399414,-9.918410301208496,-0.2807201949700489,-0.18580597418542072,-10.630950752702756,1.6620033697682899,1.0628860328215854,0.8766925089066725
1730866007.2823775,-1.724983811378479,1.0689915418624878,-9.909127235412598,-0.2690352676639657,-0.1888115339733334,-10.63239732654722,1.6611185810957687,1.057685997008731,0.8335145672254806
1730866007.3322632,-1.7418640851974487,1.0862624645233154,-9.892776489257812,-0.2573168031212979,-0.19382407507511407,-10.634629422687931,1.6595772923472143,1.052017562278361,0.763826000547657
1730866007.38223,-1.776498556137085,1.0623860359191895,-9.898996353149414,-0.24609155754798412,-0.20056122239892674,-10.637683578315738,1.657404900777844,1.0458507266582708,0.66746487048353
1730866007.4321754,-1.7890504598617554,1.0350441932678223,-9.878815650939941,-0.23592942232449415,-0.20867750667416823,-10.641526853566761,1.6621642647012318,1.0521349119209056,0.8745548658896276
1730866007.4822578,-1.8153942823410034,0.9768751859664917,-9.870829582214355,-0.22741026708490608,-0.21774625352271654,-10.646042541120114,1.6613525435686944,1.047934629689478,0.8336391310798906
1730866007.532281,-1.8029208183288574,0.9207381010055542,-9.846487998962402,-0.22107418969120143,-0.22721890635094272,-10.651028219147491,1.6630327931814155,1.0375513602122204,0.8754970626006687
1730866007.5823488,-1.7624717950820923,0.8570665717124939,-9.830362319946289,-0.21735237851033595,-0.23639331684650916,-10.656199232966737,1.6636631554182182,1.0343276417128113,0.875582553162717
1730866007.6323743,-1.7554341554641724,0.8155291676521301,-9.818127632141113,-0.2164809634557056,-0.24441655032160436,-10.661202141223514,1.6631831597002713,1.0300573802819504,0.835479179392672
1730866007.682278,-1.770955204963684,0.8140066862106323,-9.802379608154297,-0.218443183215963,-0.2503423578378793,-10.665642172351276,1.6642260255551937,1.0197408059761908,0.8757407019357025
1730866007.7321897,-1.770100712776184,0.8404853343963623,-9.789104461669922,-0.2229873851886403,-0.2532533483503475,-10.669119768085846,1.6637016447096198,1.012823700604232,0.8358158814785153
1730866007.7823071,-1.7672947645187378,0.8451480269432068,-9.792792320251465,-0.22969750826543628,-0.2524219414321296,-10.671268280174662,1.6642206975896408,1.0070132177096194,0.8754948612325982
1730866007.832223,-1.79521906375885,0.8358765840530396,-9.809479713439941,-0.23806577871222775,-0.24743937304976255,-10.671796607960967,1.6634605787313133,0.9994650311174328,0.8355393319651006
1730866007.8821697,-1.8007997274398804,0.8489350080490112,-9.817195892333984,-0.24755987960396994,-0.23825919352064368,-10.67053841101737,1.664404153080251,1.004259062470964,0.8756166772824416
1730866007.9321644,-1.7835311889648438,0.8590022325515747,-9.845183372497559,-0.25768036892078583,-0.2251732028405074,-10.667492133342071,1.663573637912581,0.9999291172222939,0.8354171577319989
1730866007.9820435,-1.759145736694336,0.8543644547462463,-9.865032196044922,-0.2679787850884629,-0.20876017524616722,-10.662838959015597,1.662095825386335,0.9950919469320404,0.7689980403800688
1730866008.0321112,-1.7576963901519775,0.8453285694122314,-9.89980697631836,-0.2780374448750516,-0.18981243943585815,-10.656940334994568,1.6639725476952014,0.9912422478952764,0.875491040404703
1730866008.0820935,-1.738649845123291,0.859559953212738,-9.900200843811035,-0.2874521792604864,-0.16924216523772734,-10.650314029838302,1.6646639286369982,0.9772365762576278,0.8758770577017099
1730866008.1321344,-1.7360726594924927,0.89593505859375,-9.921436309814453,-0.2958389671114953,-0.14800100085580364,-10.643582027612737,1.6637917519021266,0.9699536128187667,0.8357326029266615
1730866008.1820776,-1.7090609073638916,0.9379245638847351,-9.924147605895996,-0.3028507320261103,-0.12704349743975263,-10.63739797568003,1.662189550007043,0.962438277948308,0.769773466890893
1730866008.2321115,-1.694936990737915,0.954403281211853,-9.925593376159668,-0.3081880922856631,-0.10731879762270137,-10.632374156358129,1.6597939224980771,0.9545164496915823,0.6760464466128797
1730866008.28229,-1.691793441772461,0.9318591952323914,-9.912189483642578,-0.3116046401437973,-0.08974000995776796,-10.629016151867944,1.6566371506888364,0.9464030865381035,0.5562900919767928
1730866008.3320785,-1.6940577030181885,0.8940665125846863,-9.927075386047363,-0.3129215358779904,-0.07509685992452901,-10.627670283862702,1.6648970796404996,0.9693734224204797,0.8758399356321376
1730866008.382002,-1.693897008895874,0.8707519173622131,-9.915949821472168,-0.312054937340144,-0.06393529673918527,-10.628499321401257,1.6638142008632397,0.9665611158423681,0.8361416054558845
1730866008.432027,-1.6863962411880493,0.8724330067634583,-9.916520118713379,-0.3090374673355706,-0.05647248292997408,-10.631487772040558,1.6648075201044243,0.9532531741698541,0.8754932898628368
1730866008.4820514,-1.6755822896957397,0.8985368609428406,-9.881123542785645,-0.3040159368704466,-0.0526005457775588,-10.636455943107414,1.6636605950791727,0.9464638664749204,0.8358168885813957
1730866008.5319352,-1.6782817840576172,0.8981829285621643,-9.858718872070312,-0.29722795444796013,-0.051970726896741926,-10.643066368761598,1.6648302416958727,0.9409568138102323,0.8757596489583583
1730866008.5819561,-1.687360405921936,0.8946201205253601,-9.832742691040039,-0.28897722014567867,-0.054096560487106586,-10.65082860082968,1.6637248412380345,0.9337385304254003,0.8357979154461794
1730866008.6319716,-1.694691777229309,0.8746088743209839,-9.805808067321777,-0.27962167881654953,-0.05842123675024641,-10.65912068221508,1.6634704733226982,0.9313822893282594,0.8755989421621212
1730866008.6819255,-1.6887551546096802,0.8482722640037537,-9.801441192626953,-0.2695651056291596,-0.06434214485859249,-10.667235372892595,1.662064322956285,0.9266439507574149,0.8358397032124132
1730866008.7319393,-1.70844566822052,0.8648313879966736,-9.817111015319824,-0.25923803986568605,-0.0712211164795101,-10.674452204812473,1.661387806984128,0.9172834555214042,0.8754548312203932
1730866008.781878,-1.730434536933899,0.901880145072937,-9.821097373962402,-0.24907784207845737,-0.07842284919731266,-10.680131098085571,1.6595566816741254,0.9104548272412071,0.8355068460181401
1730866008.8318555,-1.7270311117172241,0.9195650815963745,-9.829094886779785,-0.23951944441015333,-0.0853968761635279,-10.68379908776896,1.6571136022624753,0.9034039402213099,0.7689105732242714
1730866008.8819697,-1.7493664026260376,0.9098706841468811,-9.862098693847656,-0.230982571494541,-0.09175451111434844,-10.685202823437029,1.6540546189872385,0.8960644931133243,0.6747488533655566
1730866008.9318576,-1.7551120519638062,0.8869409561157227,-9.875317573547363,-0.2238483391541209,-0.0972795302055809,-10.68433153505743,1.6503833636255416,0.8884148149555997,0.5522735243140797
1730866008.9818726,-1.7617948055267334,0.8771273493766785,-9.905224800109863,-0.21843697244649798,-0.10187403577565099,-10.681417500828609,1.6611274114028434,0.9093677518918812,0.8761357023389247
1730866009.0317914,-1.741270661354065,0.845957338809967,-9.913247108459473,-0.21498398848960076,-0.10548899816202581,-10.676907383686245,1.660076159777629,0.9063484417573243,0.8352139539988837
1730866009.0818334,-1.736426591873169,0.8328356146812439,-9.922954559326172,-0.21360652580612882,-0.10807333468199258,-10.671403732701775,1.660733299491973,0.8934616230054366,0.8763687317716083
1730866009.1317768,-1.7517443895339966,0.8787743449211121,-9.90399169921875,-0.21427772913894727,-0.1095586153796098,-10.665582087596462,1.659682297818491,0.8862186524049793,0.8352845855575113
1730866009.1817598,-1.7788639068603516,0.9102292060852051,-9.875350952148438,-0.21684150559752224,-0.10990136671625596,-10.660089760718858,1.6581830979366479,0.8791999348330878,0.7712888775692319
1730866009.2316673,-1.7788639068603516,0.9102292060852051,-9.875350952148438,-0.22106664370138196,-0.10915903719354117,-10.655445883719981,1.6601642718496208,0.8773607354163897,0.8738674890586801
1730866009.2316673,-1.775024652481079,0.9406514763832092,-9.864213943481445,-0.22669629548269865,-0.10752953335342605,-10.651979536344953,1.6601255474339798,0.877095315891883,0.8723891749426358
1730866009.281821,-1.7731409072875977,0.9840441346168518,-9.827263832092285,-0.23346211363044203,-0.10534105525799063,-10.649817491724889,1.6591562495804375,0.8722325080509071,0.8332961845398218
1730866009.3316596,-1.7440775632858276,0.995711088180542,-9.818852424621582,-0.24107379462470363,-0.1030323231148382,-10.648892726398199,1.6575505345337183,0.8668425857879956,0.7658965950082715
1730866009.3817084,-1.7492214441299438,1.000493049621582,-9.797881126403809,-0.24920415379760044,-0.10112173633691159,-10.648962382874597,1.6553546901356015,0.8612582048756086,0.6728336027697787
1730866009.4316645,-1.7265528440475464,0.9809462428092957,-9.803903579711914,-0.2574849926286799,-0.10013894174892957,-10.649650650545919,1.6612721250066664,0.8668838832480172,0.8741366146005763
1730866009.4817033,-1.7164630889892578,0.9774549603462219,-9.79361629486084,-0.2655196215443102,-0.10053151098074897,-10.650515189363105,1.6605404533342878,0.8634860019070275,0.8359901570991692
1730866009.531661,-1.7254326343536377,0.9522779583930969,-9.816115379333496,-0.2729062803565687,-0.10258468330293943,-10.651120208992563,1.6590462666625543,0.8594998831582742,0.7668077906258245
1730866009.5817745,-1.7351428270339966,0.9335869550704956,-9.836971282958984,-0.27927588227471206,-0.1063749563150038,-10.651107210807112,1.6621765939697035,0.8459332413346686,0.8774002434589536
1730866009.6316204,-1.7332439422607422,0.8982852101325989,-9.865814208984375,-0.28434109548102326,-0.11175424270392989,-10.650259237138512,1.6599630340345373,0.8345497421685829,0.8774535934977382
1730866009.6816146,-1.7386935949325562,0.8720688223838806,-9.89537239074707,-0.28793086749123736,-0.1183570723554189,-10.648546063620469,1.6582622822662372,0.8278387584050724,0.8387960205586339
1730866009.7316449,-1.738060712814331,0.8401697874069214,-9.916187286376953,-0.28999683937507537,-0.125629583989265,-10.64613678255646,1.6584836305963055,0.8203932113275878,0.8783906729585829
1730866009.7816484,-1.7308038473129272,0.8366689085960388,-9.926715850830078,-0.29059969067569197,-0.1328832136283631,-10.643374688229375,1.6565125856450256,0.8112688824528211,0.8396550955561858
1730866009.8316882,-1.7308038473129272,0.8366689085960388,-9.926715850830078,-0.2898829420086781,-0.13937648251113205,-10.64071653928464,1.6537803121704422,0.8016109761264015,0.7737294973792807
1730866009.8316882,-1.715309500694275,0.8290942907333374,-9.93047046661377,-0.2880403759080934,-0.14441378176364816,-10.638650429534032,1.6537553135995913,0.8015316239325537,0.7730891963207643
1730866009.8816137,-1.68380868434906,0.8258996605873108,-9.94776725769043,-0.28527877876585267,-0.14743007419197368,-10.637619971947618,1.6581584964165141,0.8144445615652746,0.8816285342781454
1730866009.9325497,-1.6715480089187622,0.8226942420005798,-9.930276870727539,-0.2817743577815228,-0.1480398289253133,-10.637974614337715,1.6567546348184379,0.8103646299354512,0.84110914515703
1730866009.9826741,-1.6577155590057373,0.8086833357810974,-9.917349815368652,-0.2776388581528332,-0.1460524964183164,-10.63993558550649,1.6547036419965995,0.8060710318997313,0.7754916303700702
1730866010.0325727,-1.6669145822525024,0.8004630208015442,-9.880430221557617,-0.2729182857988526,-0.1414610414974675,-10.643559386855655,1.6519608905872976,0.8013994062139225,0.6832026334378094
1730866010.0826097,-1.66983163356781,0.8057894706726074,-9.866341590881348,-0.26762472254830105,-0.13441382031390287,-10.64870662536295,1.6574396881760183,0.8029621216836739,0.8806820372904159
1730866010.1325722,-1.6871082782745361,0.8326785564422607,-9.839486122131348,-0.261782497370035,-0.12519245194007989,-10.655038369606181,1.6561963362826657,0.7991423053225113,0.8400104713204452
1730866010.1826591,-1.7026686668395996,0.8474888801574707,-9.821168899536133,-0.25546982938879015,-0.11420856980191843,-10.662047778676813,1.656815175465894,0.7894299920762637,0.8808853370868963
1730866010.2325323,-1.7194269895553589,0.8604406118392944,-9.795023918151855,-0.24884569244073224,-0.10200168731287096,-10.669113947376335,1.6555465961156033,0.7835444057573895,0.8393451263834402
1730866010.2824895,-1.736267328262329,0.8669148683547974,-9.790277481079102,-0.24215722627742464,-0.08921210209821628,-10.675563948411904,1.6583180521431018,0.777287759555726,0.881581414255455
1730866010.3324723,-1.7570443153381348,0.8835469484329224,-9.799087524414062,-0.2357284751104643,-0.07652884703874949,-10.680743931395927,1.6592734606971262,0.763021885618317,0.8799032083625523
1730866010.3826144,-1.7516231536865234,0.887420117855072,-9.809703826904297,-0.22993367951143884,-0.06463247492818608,-10.684101229829363,1.6589649996706652,0.7546801400809818,0.840385293647991
1730866010.432494,-1.7516231536865234,0.887420117855072,-9.809703826904297,-0.22515253363376236,-0.0541428723051799,-10.685258826299785,1.658087933336191,0.7459983576717081,0.7735832454064691
1730866010.432494,-1.746705174446106,0.8818223476409912,-9.852625846862793,-0.22171251676659604,-0.04556979686590161,-10.684060491786187,1.6580481867122252,0.7457004219185912,0.7708395295394299
1730866010.4825554,-1.7292652130126953,0.8702739477157593,-9.882283210754395,-0.2198368784394833,-0.03926826685952873,-10.680593824464207,1.6566541137168975,0.7371930306867123,0.6800382357622251
1730866010.5324526,-1.74032723903656,0.8451452255249023,-9.922612190246582,-0.21961237954883545,-0.03540454240851492,-10.675201880431013,1.6587168037689277,0.7567591606441763,0.8802163259437837
1730866010.5825188,-1.746259093284607,0.8337554931640625,-9.946602821350098,-0.22098774179583217,-0.033936215327612665,-10.668468524883883,1.6579018984021745,0.7535389519904548,0.8406885708642243
1730866010.6324549,-1.7428269386291504,0.8028565645217896,-9.951047897338867,-0.2238033204386165,-0.03461249280160916,-10.661160928024502,1.6578517041200982,0.7436680095169189,0.8794139730018257
1730866010.682481,-1.747212290763855,0.7475497722625732,-9.93959903717041,-0.22782876061389082,-0.03699028163549895,-10.654128586500084,1.6568106345739992,0.7392513102469416,0.8406095744373265
1730866010.7323534,-1.7486531734466553,0.6819232702255249,-9.922812461853027,-0.23279187775179508,-0.04044516438456481,-10.648175887061885,1.6551118197567076,0.7344220947888097,0.7720614509874385
1730866010.7824986,-1.7643604278564453,0.6447044610977173,-9.879497528076172,-0.23840523223057758,-0.044177816102052826,-10.643937840807684,1.6581134661825798,0.732988912344297,0.8855258528516471
1730866010.8324575,-1.7643604278564453,0.6447044610977173,-9.879497528076172,-0.24439550398549595,-0.04725657372635539,-10.641787292505759,1.6572277245005367,0.7287913033234121,0.8474489197759956
1730866010.8324575,-1.7691627740859985,0.6290034055709839,-9.850415229797363,-0.250526974185833,-0.04872370219234861,-10.641798293604937,1.6572175204348334,0.7287548629349122,0.847008830124519
1730866010.8824146,-1.7682737112045288,0.6392107009887695,-9.803752899169922,-0.25660991523617155,-0.04773243298179148,-10.64376273552271,1.6580839628956983,0.7193084657523453,0.889039572264391
1730866010.9323344,-1.7682737112045288,0.6392107009887695,-9.803752899169922,-0.26249669825358296,-0.04366172038528828,-10.647229444765765,1.6571239947643421,0.712872307912935,0.8512776573998769
1730866010.9323344,-1.7668529748916626,0.6587916612625122,-9.775907516479492,-0.26807349360914656,-0.0361879455847726,-10.6515624921836,1.6571166924521439,0.7128354983942226,0.8509881421242866
1730866010.9823546,-1.7527763843536377,0.6944965720176697,-9.769234657287598,-0.2732498214160808,-0.025319427015699017,-10.65602649748769,1.6592974702141523,0.7079394694385881,0.8921161841053864
1730866011.032256,-1.7476041316986084,0.7298436164855957,-9.76936149597168,-0.2779444608031988,-0.011405703559026356,-10.659879431339595,1.6587111289165384,0.7016245573938491,0.8541578476491224
1730866011.082379,-1.7362772226333618,0.7750003933906555,-9.798087120056152,-0.28207155247922233,0.004876348452686013,-10.66246287023585,1.6574206438411199,0.6952697324498442,0.7893113599914016
1730866011.1322682,-1.737599492073059,0.8189927935600281,-9.816855430603027,-0.2855358916154225,0.022565839018513466,-10.663292182562582,1.6610219766351952,0.6978416862782513,0.8900340947581068
1730866011.1823463,-1.7240697145462036,0.8294599652290344,-9.851774215698242,-0.2882396254892197,0.040494786638508556,-10.662130109629603,1.6628799301189439,0.6861924451443234,0.901509766526652
1730866011.2322187,-1.72661292552948,0.8299801349639893,-9.883902549743652,-0.29009352601967286,0.05740532143591524,-10.65902350030625,1.6627848954065367,0.680084680194552,0.8672044401386363
1730866011.2821467,-1.7134743928909302,0.8271218538284302,-9.927335739135742,-0.29102696637867526,0.07209891565161963,-10.654301895885276,1.664442582799607,0.6815236730366271,0.8959942441753703
1730866011.332156,-1.7075597047805786,0.842803955078125,-9.93708324432373,-0.2909939147845004,0.08357531963440867,-10.648541991480602,1.6643615487563306,0.6776340732845206,0.8560215402881938
1730866011.3822782,-1.7003501653671265,0.8516201972961426,-9.971576690673828,-0.2899736163067059,0.09111707715604458,-10.642496614133904,1.6635471751301956,0.6739363595587942,0.788902640435521
1730866011.4321406,-1.6985881328582764,0.8600785136222839,-9.968506813049316,-0.2879701436570209,0.09431397118365475,-10.63699802940052,1.665259577520049,0.6717082954069715,0.8959594192737007
1730866011.482242,-1.6849365234375,0.8427655100822449,-9.975692749023438,-0.2850138500286503,0.09305537987270313,-10.632853993320841,1.664603770299192,0.6688277986397052,0.8560616484799165
1730866011.5320714,-1.6719917058944702,0.8189632296562195,-9.944198608398438,-0.2811582551727951,0.08752004223598017,-10.630745595083454,1.666707287660132,0.658211222810928,0.8957318434148854
1730866011.582082,-1.6638299226760864,0.7977811098098755,-9.925715446472168,-0.2764690006750633,0.07816894933848217,-10.631133502072615,1.6663173594136234,0.6525534989361403,0.8555469994076497
1730866011.6320353,-1.6701771020889282,0.7643440961837769,-9.878435134887695,-0.27101621338634774,0.06572528695352473,-10.634186025940672,1.6678874563599788,0.6564773943724984,0.8957923794624545
1730866011.6820416,-1.6787607669830322,0.7467187643051147,-9.83509635925293,-0.26488352374887164,0.05112907012113541,-10.639740294046504,1.667506863321994,0.6540864005333535,0.8558999480365368
1730866011.7320313,-1.6830284595489502,0.7259878516197205,-9.795059204101562,-0.258189327110622,0.03546658229608823,-10.647301391001891,1.6690737518507939,0.644387360742403,0.895750291607069
1730866011.7821133,-1.7108979225158691,0.7117951512336731,-9.773307800292969,-0.251105481762311,0.019880887571023364,-10.656087109105327,1.6687104125957248,0.6396027185894558,0.8556463862110956
1730866011.8320181,-1.7198901176452637,0.722346305847168,-9.770462036132812,-0.24386865469196498,0.005473367818996185,-10.665124475107657,1.6715996987216548,0.6339967896992063,0.8957113223472534
1730866011.8820508,-1.742349624633789,0.7383383512496948,-9.799687385559082,-0.23678250221024127,-0.006798478477961468,-10.673390489305078,1.671802587130361,0.6285733728123085,0.8557451127471059
1730866011.9319592,-1.7402749061584473,0.7682129740715027,-9.8292236328125,-0.2302023989205174,-0.016220076685429744,-10.679974829537315,1.673646876172656,0.6318487766573778,0.8955687978107261
1730866011.9819713,-1.7425246238708496,0.8177725672721863,-9.880300521850586,-0.22449888742168939,-0.022400219262419196,-10.684229661484078,1.6739238271712882,0.6290602376088424,0.8555293129825278
1730866012.031963,-1.734233021736145,0.8576628565788269,-9.923826217651367,-0.2200067917057196,-0.02532094480489922,-10.685873352136795,1.6736342353038325,0.6261468691577184,0.7870386941509152
1730866012.0819304,-1.7351081371307373,0.9205873012542725,-9.96114730834961,-0.21697613012941058,-0.02534897461599585,-10.685029964806624,1.674327923440166,0.6223160246027725,0.8962073075106384
1730866012.131927,-1.7383869886398315,0.952218770980835,-9.97025203704834,-0.2155423658282107,-0.023203072816639088,-10.682195627060787,1.6785434707861322,0.6028237320875838,0.895609321988121
1730866012.1819053,-1.756374716758728,0.968736469745636,-9.952719688415527,-0.21572573428305059,-0.0198721927082724,-10.678131072003588,1.6803502432314346,0.5901826643400175,0.85551566593973
1730866012.231904,-1.7699412107467651,0.9580765962600708,-9.921408653259277,-0.21745783086658363,-0.016480588418385213,-10.673698405793242,1.6816140056653803,0.5775117332501951,0.7888153025877063
1730866012.281999,-1.7648262977600098,0.9238440990447998,-9.883980751037598,-0.22061725404996074,-0.014114954270143632,-10.66968307883527,1.6823331591349462,0.5647461925739122,0.6950127541364052
1730866012.3319902,-1.7549902200698853,0.878599226474762,-9.835931777954102,-0.2250474282030584,-0.013647592369219213,-10.66664716362812,1.6783432683420507,0.6039407199899836,0.8952022161757698
1730866012.3819385,-1.739607334136963,0.8435155153274536,-9.799909591674805,-0.2305480336617354,-0.015595257196994313,-10.66484092277004,1.6779220764896514,0.6019195879879788,0.855706461337549
1730866012.4318142,-1.739607334136963,0.8435155153274536,-9.799909591674805,-0.2368596406629988,-0.02005539122498176,-10.664186540189679,1.6803697789135632,0.5914789428917167,0.8952871101943756
1730866012.4318142,-1.7283425331115723,0.8019548058509827,-9.766369819641113,-0.2436648259780158,-0.026736568173491668,-10.664336170714009,1.680371330554093,0.5914495489476118,0.8951332974750661
1730866012.4819033,-1.7159314155578613,0.7764057517051697,-9.774012565612793,-0.2506068152329888,-0.03504468106916016,-10.664773393045147,1.6803301835865156,0.5862996795168062,0.855187687075317
1730866012.5318716,-1.7167003154754639,0.7452744245529175,-9.763427734375,-0.25731301639832466,-0.044174084958415336,-10.664919285490589,1.6819610305576052,0.5819401665946125,0.8950284597790215
1730866012.5819285,-1.7023063898086548,0.7340322732925415,-9.779745101928711,-0.26341996312710675,-0.05319688211154999,-10.664229747604871,1.6818696957137593,0.5766042051862927,0.8550463653448612
1730866012.6318495,-1.7046751976013184,0.7149828672409058,-9.806679725646973,-0.268599380689603,-0.06116105861966523,-10.662281604121178,1.6810777892799835,0.5709156115260972,0.7856070853869997
1730866012.6818836,-1.72502863407135,0.686306893825531,-9.828099250793457,-0.2725856373777552,-0.06718484840631536,-10.65884343592569,1.6844014672752943,0.5746719332185589,0.895889576545239
1730866012.731796,-1.7319765090942383,0.6935815811157227,-9.867086410522461,-0.27521031653331507,-0.0705286913101879,-10.653921283204433,1.6843519896662917,0.570839851724447,0.856673303124652
1730866012.7818189,-1.7273409366607666,0.7006998062133789,-9.903508186340332,-0.27643085770491915,-0.07065221056521104,-10.647771232249458,1.6862108171989432,0.5643332187682026,0.8947979709520056
1730866012.831772,-1.7034997940063477,0.7577953338623047,-9.935107231140137,-0.2763235313883403,-0.06727598145080979,-10.640881524678129,1.6861212748812713,0.5591459338812846,0.8533555041528176
1730866012.8818023,-1.6125000715255737,0.8319336771965027,-9.971729278564453,-0.27502318514948554,-0.060453393086391895,-10.633926478199275,1.6853678300573331,0.554084634182012,0.788355294210349
1730866012.93176,-1.5221614837646484,0.8938868641853333,-10.000723838806152,-0.27260892477044074,-0.050636079197369455,-10.627697911635364,1.6839013103389835,0.5486881020414704,0.6942785041222984
1730866012.9818592,-1.7980297803878784,0.7343623042106628,-9.958542823791504,-0.2690321088464367,-0.038655195754309396,-10.623014908296334,1.6886572849946164,0.5589747958396744,0.8952353463250495
1730866013.0317173,-1.792858362197876,0.7277418375015259,-9.891619682312012,-0.2642514503251523,-0.025528291016528037,-10.62059036175775,1.6882526671309785,0.5570686320021287,0.8556699586594276
1730866013.0817432,-1.7202744483947754,0.7450887560844421,-9.933533668518066,-0.25846520085187696,-0.012187371434566895,-10.620876774918784,1.6908601706966082,0.5477904111021884,0.8956828999591437
1730866013.1317425,-1.7244253158569336,0.679972767829895,-9.889307975769043,-0.2521283825501342,0.0006701728222868871,-10.623986788268475,1.6908812591598634,0.5431581026662216,0.855906807781299
1730866013.1817904,-1.6970875263214111,0.6365119814872742,-9.861377716064453,-0.24576743149365804,0.012608985759586865,-10.629713682825717,1.6902829472748042,0.538571256140518,0.7899460153583561
1730866013.2317402,-1.60869562625885,0.7235580682754517,-9.839044570922852,-0.2398129297067369,0.023452585324871357,-10.637578495019742,1.6890656782468962,0.5339782308102514,0.6964261219662934
1730866013.2816505,-1.6798361539840698,0.6193286776542664,-9.830089569091797,-0.23450699720058968,0.033227559763056656,-10.646881729956842,1.692974875895072,0.5358480753948133,0.8959597046384808
1730866013.331611,-1.719184160232544,0.5622004270553589,-9.776826858520508,-0.22990461071151652,0.042096842370904636,-10.656778730508904,1.692775154631563,0.5323529751988164,0.8562462163215246
1730866013.381655,-1.7551321983337402,0.5708615183830261,-9.780123710632324,-0.22598919616076765,0.05036277894657156,-10.66635915299312,1.696891528005013,0.5263447298716376,0.8959037614861389
1730866013.4317086,-1.7859570980072021,0.6246989965438843,-9.847381591796875,-0.22280349087907997,0.058450695127809135,-10.674736080203095,1.6976247409459666,0.5219969211867267,0.8555300022704445
1730866013.4816086,-1.7862807512283325,0.6676376461982727,-9.848769187927246,-0.22050054508445632,0.06677861513130771,-10.68117701615019,1.6977970392085884,0.5178805402867112,0.7894716522497163
1730866013.531643,-1.798903465270996,0.7030744552612305,-9.862760543823242,-0.21931784446815852,0.07558943137761479,-10.685228340642459,1.6974215660142746,0.513884547786875,0.6957571444651383
1730866013.5816195,-1.7609992027282715,0.7267917990684509,-9.89282512664795,-0.2195080224225323,0.0848558849681175,-10.686757664242041,1.699007950336861,0.5151988839303175,0.8958710450317747
1730866013.6326225,-1.7249457836151123,0.8018068671226501,-9.915689468383789,-0.22124762207460313,0.09427385914378922,-10.685930814621827,1.6988501070267819,0.5125204775446933,0.8537752387873045
1730866013.6816235,-1.7134995460510254,0.8656737208366394,-9.940359115600586,-0.22454856458489197,0.10329051854974726,-10.683169777100897,1.7049546767730708,0.5048906080818565,0.8963000899706769
1730866013.7316196,-1.756245732307434,0.7758506536483765,-9.919438362121582,-0.22922541956445844,0.11115942215511648,-10.679088847472455,1.7103155690956162,0.4941260676759271,0.894493242043075
1730866013.7816474,-1.7305927276611328,0.7294093370437622,-9.907380104064941,-0.23494889460342908,0.1170930817400096,-10.674392885090686,1.7126132654544162,0.48822454554831657,0.8542580128930607
1730866013.8315244,-1.713768720626831,0.6983934044837952,-9.910694122314453,-0.2413263885458525,0.12049615151404797,-10.669757500776683,1.7143260834109433,0.48260535161437434,0.7875277509292331
1730866013.8815672,-1.6803399324417114,0.6842045187950134,-9.852100372314453,-0.2479361862913448,0.12113181049545783,-10.665731113480128,1.7120797984760567,0.4893560303979739,0.8837435550425433
1730866013.9316075,-1.682762861251831,0.6624330282211304,-9.845821380615234,-0.25432662713446974,0.11914447856211635,-10.662666240029315,1.7120941503911917,0.48816537234621465,0.8540418352970791
